tree
version=v4
num_class=1
num_tree_per_iteration=1
label_index=0
max_feature_idx=179
objective=huber
feature_names=hour weekday month is_rainy_season day_sin day_cos week_sin week_cos missing_raw_water_ntu raw_water_ntu raw_water_ntu_lag1 raw_water_ntu_lag2 raw_water_ntu_lag3 raw_water_ntu_lag6 raw_water_ntu_lag12 raw_water_ntu_lag24 raw_water_ntu_change1 raw_water_ntu_change3 raw_water_ntu_change6 raw_water_ntu_rollmean3 raw_water_ntu_rollstd3 raw_water_ntu_rollmean6 raw_water_ntu_rollstd6 raw_water_ntu_rollmean12 raw_water_ntu_rollstd12 raw_water_ntu_rollmean24 raw_water_ntu_rollstd24 missing_raw_water_ph raw_water_ph raw_water_ph_lag1 raw_water_ph_lag2 raw_water_ph_lag3 raw_water_ph_lag6 raw_water_ph_lag12 raw_water_ph_lag24 raw_water_ph_change1 raw_water_ph_change3 raw_water_ph_change6 raw_water_ph_rollmean3 raw_water_ph_rollstd3 raw_water_ph_rollmean6 raw_water_ph_rollstd6 raw_water_ph_rollmean12 raw_water_ph_rollstd12 raw_water_ph_rollmean24 raw_water_ph_rollstd24 missing_filtered_ntu filtered_ntu filtered_ntu_lag1 filtered_ntu_lag2 filtered_ntu_lag3 filtered_ntu_lag6 filtered_ntu_lag12 filtered_ntu_lag24 filtered_ntu_change1 filtered_ntu_change3 filtered_ntu_change6 filtered_ntu_rollmean3 filtered_ntu_rollstd3 filtered_ntu_rollmean6 filtered_ntu_rollstd6 filtered_ntu_rollmean12 filtered_ntu_rollstd12 filtered_ntu_rollmean24 filtered_ntu_rollstd24 missing_clear_well_level clear_well_level clear_well_level_lag1 clear_well_level_lag2 clear_well_level_lag3 clear_well_level_lag6 clear_well_level_lag12 clear_well_level_lag24 clear_well_level_change1 clear_well_level_change3 clear_well_level_change6 clear_well_level_rollmean3 clear_well_level_rollstd3 clear_well_level_rollmean6 clear_well_level_rollstd6 clear_well_level_rollmean12 clear_well_level_rollstd12 clear_well_level_rollmean24 clear_well_level_rollstd24 missing_treated_ntu treated_ntu_lag1 treated_ntu_lag2 treated_ntu_lag3 treated_ntu_lag6 treated_ntu_lag12 treated_ntu_lag24 treated_ntu_change1 treated_ntu_change3 treated_ntu_change6 treated_ntu_rollmean3 treated_ntu_rollstd3 treated_ntu_rollmean6 treated_ntu_rollstd6 treated_ntu_rollmean12 treated_ntu_rollstd12 treated_ntu_rollmean24 treated_ntu_rollstd24 missing_alum_feed_rate alum_feed_rate alum_feed_rate_lag1 alum_feed_rate_lag2 alum_feed_rate_lag3 alum_feed_rate_lag6 alum_feed_rate_lag12 alum_feed_rate_lag24 alum_feed_rate_change1 alum_feed_rate_change3 alum_feed_rate_change6 alum_feed_rate_rollmean3 alum_feed_rate_rollstd3 alum_feed_rate_rollmean6 alum_feed_rate_rollstd6 alum_feed_rate_rollmean12 alum_feed_rate_rollstd12 alum_feed_rate_rollmean24 alum_feed_rate_rollstd24 missing_alum_dosage alum_dosage alum_dosage_lag1 alum_dosage_lag2 alum_dosage_lag3 alum_dosage_lag6 alum_dosage_lag12 alum_dosage_lag24 alum_dosage_change1 alum_dosage_change3 alum_dosage_change6 alum_dosage_rollmean3 alum_dosage_rollstd3 alum_dosage_rollmean6 alum_dosage_rollstd6 alum_dosage_rollmean12 alum_dosage_rollstd12 alum_dosage_rollmean24 alum_dosage_rollstd24 missing_raw_water_flow raw_water_flow raw_water_flow_lag1 raw_water_flow_lag2 raw_water_flow_lag3 raw_water_flow_lag6 raw_water_flow_lag12 raw_water_flow_lag24 raw_water_flow_change1 raw_water_flow_change3 raw_water_flow_change6 raw_water_flow_rollmean3 raw_water_flow_rollstd3 raw_water_flow_rollmean6 raw_water_flow_rollstd6 raw_water_flow_rollmean12 raw_water_flow_rollstd12 raw_water_flow_rollmean24 raw_water_flow_rollstd24 missing_treated_water_flow treated_water_flow treated_water_flow_lag1 treated_water_flow_lag2 treated_water_flow_lag3 treated_water_flow_lag6 treated_water_flow_lag12 treated_water_flow_lag24 treated_water_flow_change1 treated_water_flow_change3 treated_water_flow_change6 treated_water_flow_rollmean3 treated_water_flow_rollstd3 treated_water_flow_rollmean6 treated_water_flow_rollstd6 treated_water_flow_rollmean12 treated_water_flow_rollstd12 treated_water_flow_rollmean24 treated_water_flow_rollstd24 is_backwash_event target_missing_run
feature_infos=[1:23] [0:6] [1:12] [0:1] [-0.96592582628906831:0.96592582628906831] [-0.9659258262890682:0.96592582628906831] [-0.9993007047883985:0.99930070478839861] [-0.9993007047883985:0.99930070478839861] none [1:456] [1:456] [1:456] [1:456] [1:456] [1:456] [1:456] [-203:174] [-209:282] [-246:308] [2.3333333333333335:409] [0:133.50031210949783] [3.3333333333333335:355.66666666666669] [0:125.74484747561893] [4.166666666666667:291.91666666666669] [0:118.49344694833121] [5.083333333333333:248.16666666666666] [0.44232586848012184:123.11599779493913] [0:1] [7:7.2999999999999998] [7:7.2999999999999998] [7:7.2999999999999998] [7:7.2999999999999998] [7:7.2999999999999998] [7:7.2999999999999998] [7:7.2999999999999998] [-0.29999999999999982:0.29999999999999982] [-0.29999999999999982:0.29999999999999982] [-0.29999999999999982:0.29999999999999982] [7:7.1000000000000005] [0:0.17320508075688776] [7:7.0999999999999996] [0:0.12247448713915887] [7:7.0999999999999996] [0:0.086602540378443976] [7:7.0999999999999996] [0:0.071728150235677621] none [0.02:9.8000000000000007] [0.02:9.8000000000000007] [0.02:9.8000000000000007] [0.02:9.8000000000000007] [0.02:9.8000000000000007] [0.02:9.8000000000000007] [0.02:9.8000000000000007] [-3.8900000000000001:7.6000000000000005] [-6.4199999999999999:8] [-6.8000000000000007:8.9199999999999999] [0.02:9.1000000000000014] [0:4.4467216388406126] [0.021666666666666667:8.2333333333333325] [0:3.910882253405235] [0.025833333333333333:5.4916666666666671] [0:3.8004197335972183] [0.028750000000000001:5.0337500000000004] [0:3.4456702509469577] none [2.3300000000000001:3.98] [2.3300000000000001:3.98] [2.2400000000000002:3.98] [1.8600000000000001:3.98] [1.8600000000000001:3.98] [1.8600000000000001:3.98] [1.8600000000000001:3.98] [-1.0199999999999996:1.27] [-1.0899999999999999:1.0499999999999998] [-1.46:1.3999999999999999] [2.523333333333333:3.9399999999999999] [0:0.93744333162062421] [2.3483333333333332:3.8800000000000003] [0:0.69852463569060419] [2.5741666666666667:3.8508333333333336] [0:0.69783376938707498] [2.9075000000000002:3.8350000000000004] [0.0041702882829140432:0.66063155992655276] none [0.080000000000000002:11.9] [0.080000000000000002:11.9] [0.080000000000000002:11.9] [0.080000000000000002:11.9] [0.080000000000000002:11.9] [0.080000000000000002:11.9] [-7.2900000000000009:10.960000000000001] [-9.2300000000000004:10.98] [-11.6:10.98] [0.093333333333333338:7.0399999999999991] [0:6.3335403474939138] [0.096666666666666679:6.4833333333333343] [0:4.5920757833467842] [0.10166666666666667:5] [0:3.4828996757752235] [0.10958333333333332:5] [0:2.6666967842502163] [0:1] [0.01:100] [0.01:100] [0.01:100] [0.01:100] [0.01:100] [0.01:100] [0.01:100] [-99.989999999999995:99.989999999999995] [-99.989999999999995:99.989999999999995] [-99.989999999999995:99.989999999999995] [0.01:100] [0:57.729253416270687] [0.01:86.016666666666666] [0:54.766778524941557] [0.01:50.005000000000003] [0:52.218074457030689] [0.01:25.007500000000004] [0:44.228163587784493] [0:1] [0.040000000000000001:0.080000000000000002] [0.040000000000000001:0.080000000000000002] [0.040000000000000001:0.080000000000000002] [0.040000000000000001:0.080000000000000002] [0.040000000000000001:0.080000000000000002] [0.040000000000000001:0.080000000000000002] [0.040000000000000001:0.080000000000000002] [-0.029999999999999999:0.029999999999999999] [-0.029999999999999999:0.029999999999999999] [-0.029999999999999999:0.029999999999999999] [0.046666666666666669:0.073333333333333334] [0:0.017320508075688766] [0.048333333333333339:0.066666666666666666] [0:0.016431676725154984] [0.049166666666666671:0.063333333333333339] [0:0.013568010505999362] [0.045000000000000005:0.061666666666666668] [0:0.010206207261596573] none [4.7000000000000002:63.399999999999999] [4.7000000000000002:63.399999999999999] [4.7000000000000002:63.399999999999999] [4.7000000000000002:63.399999999999999] [4.7000000000000002:63.399999999999999] [4.7000000000000002:63.399999999999999] [4.7000000000000002:63.399999999999999] [-42.399999999999999:41.399999999999999] [-42.5:40.699999999999996] [-42.799999999999997:42.199999999999996] [18.5:57.199999999999996] [0:24.479651413640187] [25.933333333333334:56.25] [0:21.844633208181914] [27.416666666666668:55.833333333333336] [0.08660254037482007:16.564609499737376] [36.524999999999999:55.679166666666667] [0.1102533314841494:13.40603819720533] none [17.5:55.600000000000001] [17.5:55.600000000000001] [17.5:55.600000000000001] [17.5:55.600000000000001] [17.5:55.600000000000001] [17.5:55.600000000000001] [17.5:55.600000000000001] [-17.099999999999998:17.400000000000002] [-17.799999999999997:17.199999999999999] [-24.399999999999999:30.899999999999999] [21.5:54.466666666666669] [0:9.9886602371555817] [24.516666666666666:53.533333333333331] [0:9.9451830886447574] [25.291666666666668:52.708333333333336] [0.028867513471830149:11.950310633720616] [33.658333333333331:52.429166666666667] [0.063702205724026989:11.908180570211028] [0:1] none
tree_sizes=1396 1448 1462 1470 1470 1472 1481 1473 1473 1478 1485 1461 1474 1478 1494 1477 1459 1482 1487 1482 1475 1493 1486 1472 1460 1489 1484 1492 1493 1475 1491 1500 1509 1509 1505 1477 1477 1496 1493 1505 1506 1517 1496 1504 1502 1509

Tree=0
num_leaves=15
num_cat=0
split_feature=94 47 94 54 98 96 62 56 47 94 64 57 101 161
split_gain=201.832 62.6814 36.8099 10.3203 9.67444 5.50824 5.17857 4.93535 3.5432 2.95163 2.64089 2.45111 1.97532 1.56551
threshold=0.52833333333333365 1.2550000000000001 0.26666666666666677 0.1949999999999999 0.8995833333333334 0.38583333333333353 0.047057303285951084 0.18500000000000008 0.46500000000000002 0.19000000000000014 1.2055899003403316 0.2433333333333336 0.27655792443493038 48.45000000000001
decision_type=10 2 10 2 2 2 2 2 2 8 2 2 2 2
left_child=2 4 7 5 8 -4 -6 9 11 -1 -3 13 -11 -2
right_child=1 10 3 -5 6 -7 -8 -9 -10 12 -12 -13 -14 -15
leaf_value=0.51998240205733304 0.54288047013104546 0.57172640916168949 0.52925609367291626 0.55834033984808507 0.56843941413531551 0.53571523098572627 0.54967191442499186 0.53926880371564012 0.5530939589887115 0.52351912994802918 0.58327854363662057 0.53489461708868713 0.53388737532104669 0.55205644807456589
leaf_weight=911 378 88 645 40 68 676 80 42 92 735 113 89 49 53
leaf_count=884 368 47 612 26 35 651 62 33 73 711 52 84 44 43
internal_value=0.533372 0.55339 0.527162 0.533319 0.546823 0.532561 0.558295 0.522338 0.544049 0.521918 0.578221 0.542449 0.524167 0.544009
internal_weight=4059 961 3098 1361 760 1321 148 1737 612 1695 201 520 784 431
internal_count=3725 764 2961 1289 665 1263 97 1672 568 1639 99 495 755 411
is_linear=0
shrinkage=1


Tree=1
num_leaves=15
num_cat=0
split_feature=85 47 85 101 54 54 85 2 100 94 64 92 90 92
split_gain=210.287 48.1519 39.9728 15.0721 7.28274 6.41694 4.16681 3.6866 2.96219 2.71323 2.11872 0.95469 0.93952 0.904419
threshold=0.56500000000000006 1.5100000000000002 0.31500000000000006 1.2479110654646492 0.13499999999999998 0.070000000000000048 0.20500000000000004 9.5000000000000018 0.66604166666666675 0.435 1.445837175035616 0.075000000000000025 0.56500000000000006 0.044999999999999991
decision_type=10 2 10 2 2 2 8 2 2 10 2 10 8 10
left_child=2 3 5 7 9 6 -1 -2 13 11 -3 -4 -8 -9
right_child=1 10 4 -5 -6 -7 12 8 -10 -11 -12 -13 -14 -15
leaf_value=-0.01764084747130441 0.0046547642126124047 0.034234838903778132 -0.0073717492975876667 0.032396168874887131 0.01751263882557396 -0.00097546219362293753 -0.013562617885934346 0.0018069897462034 0.017553636547606843 -0.0018230909803780178 0.044913250332077347 -5.860130685115499e-05 -0.0076632410632318836 0.01123063440900296
leaf_weight=1075 327 90 500 72 40 79 894 53 139 584 96 49 73 49
leaf_count=1045 306 45 486 41 29 67 860 50 96 562 43 41 68 40
internal_value=-0.00520506 0.0173529 -0.0108617 0.0108448 -0.00345518 -0.0149577 -0.0154987 0.00811291 0.0128051 -0.00419544 0.0397463 -0.00671903 -0.0131173 0.00633403
internal_weight=4120 826 3294 640 1173 2121 2042 568 241 1133 186 549 967 102
internal_count=3779 621 3158 533 1118 2040 1973 492 186 1089 88 527 928 90
is_linear=0
shrinkage=0.05


Tree=2
num_leaves=15
num_cat=0
split_feature=85 47 85 85 54 54 85 161 85 47 96 91 2 74
split_gain=177.094 47.1037 35.1395 11.1841 5.25594 4.64039 4.07294 3.4464 3.21248 2.71315 2.19533 1.62916 1.29115 1.26497
threshold=0.56500000000000006 1.2100000000000002 0.31500000000000006 1.8200000000000003 0.070000000000000048 0.13999999999999999 0.20500000000000004 48.45000000000001 1.8200000000000003 0.46500000000000002 0.41000000000000009 -0.034999999999999969 9.5000000000000018 0.24500000000000013
decision_type=10 2 10 10 2 2 10 2 10 2 2 10 2 2
left_child=2 3 4 7 6 10 -1 9 -3 11 -4 -2 -11 -8
right_child=1 8 5 -5 -6 -7 13 -9 -10 12 -12 -13 -14 -15
leaf_value=-0.016724136677549475 -0.0031283665305818428 0.030893437357664835 -0.0067735268852339107 0.03329652868832151 -0.0024377584912935678 0.012735956589972905 -0.012739586095130965 0.015212221111397486 0.044156712959113636 0.0066552545245940568 -0.0022613563887644082 0.0050896327916475741 0.017693833801550447 -0.0054067289427159326
leaf_weight=1100 80 82 438 45 92 43 885 111 103 52 701 245 54 63
leaf_count=1070 76 42 417 27 78 31 851 76 51 45 678 238 38 57
internal_value=-0.00529404 0.0162779 -0.0103071 0.00934435 -0.014129 -0.00338779 -0.0146542 0.0073557 0.0382779 0.00533232 -0.0039965 0.00306674 0.0122787 -0.0122523
internal_weight=4094 772 3322 587 2140 1182 2048 542 185 431 1139 325 106 948
internal_count=3775 593 3182 500 2056 1126 1978 473 93 397 1095 314 83 908
is_linear=0
shrinkage=0.05


Tree=3
num_leaves=15
num_cat=0
split_feature=85 94 85 56 91 100 56 85 88 85 91 50 146 141
split_gain=179.488 46.4164 34.3112 9.92077 7.0825 5.70731 4.82342 3.60387 2.88406 2.45905 2.1683 1.68537 1.59514 1.02729
threshold=0.56500000000000006 1.4916666666666669 0.31500000000000006 0.65500000000000025 0.13500000000000004 0.7506250000000001 0.18500000000000008 0.20500000000000004 3.2700000000000005 0.46500000000000002 -0.074999999999999997 0.21500000000000002 45.350000000000001 53.650000000000013
decision_type=10 10 10 2 10 2 2 8 10 10 10 2 10 10
left_child=2 3 6 5 9 10 7 -1 -3 13 -2 -12 -9 -4
right_child=1 8 4 -5 -6 -7 -8 12 -10 -11 11 -13 -14 -15
leaf_value=-0.015920477988215411 -0.0031896379808636593 0.032403679031201386 -0.005998248239100344 0.027839871684926146 0.017469834764317679 0.01626935984725909 8.0124353102984888e-05 -0.003445176861502908 0.044770665963490802 -0.00079014964467286238 0.0048118874939764092 0.014465012445321513 -0.012218557622946991 0.0019759772811084987
leaf_weight=1095 72 99 665 69 41 144 63 55 90 451 278 54 893 43
leaf_count=1064 69 56 641 38 28 91 54 48 42 435 272 42 858 35
internal_value=-0.00454335 0.0166132 -0.0097013 0.00997229 -0.0029533 0.00772254 -0.0135463 -0.0139665 0.0382927 -0.00367578 0.00467614 0.00638197 -0.0117096 -0.00551394
internal_weight=4112 806 3306 617 1200 548 2106 2043 189 1159 404 332 948 708
internal_count=3773 610 3163 512 1139 474 2024 1970 98 1111 383 314 906 676
is_linear=0
shrinkage=0.05


Tree=4
num_leaves=15
num_cat=0
split_feature=85 47 85 101 64 91 91 155 85 85 47 91 16 94
split_gain=174.613 46.4535 33.1967 8.60606 5.75302 4.81171 4.50292 3.06536 3.01377 2.69949 1.54019 1.45583 1.40107 1.05856
threshold=0.59500000000000008 1.2100000000000002 0.31500000000000006 1.2479110654646492 1.2055899003403316 0.16500000000000004 0.069999999999999979 52.608333333333341 0.23500000000000001 0.46500000000000002 0.46500000000000002 -0.034999999999999969 -13.499999999999998 0.83166666666666689
decision_type=10 2 10 2 2 10 10 2 10 10 2 10 2 10
left_child=2 3 6 7 -3 9 8 10 -1 12 11 -2 -4 -9
right_child=1 4 5 -5 -6 -7 -8 13 -10 -11 -12 -13 -14 -15
leaf_value=-0.014637754534761238 -0.0034227585152430992 0.027289550145576286 0.0028059234218671919 0.027968946540025637 0.043760691641822579 0.013595147760828364 0.002640768915621771 0.0085784195445566657 -0.010470756395292843 -0.0004189506245186451 0.01067860261146801 0.0051491484029439136 -0.0058832111743467863 0.017152279952452297
leaf_weight=1404 67 91 50 57 127 44 45 63 628 494 85 190 643 84
leaf_count=1359 62 50 38 34 58 32 38 60 602 473 68 184 624 50
internal_value=-0.00417153 0.0173732 -0.0091474 0.0095827 0.0368851 -0.00264125 -0.0130035 0.00743952 -0.0133499 -0.00324311 0.00484414 0.00291445 -0.00525629 0.0134778
internal_weight=4072 764 3308 546 218 1231 2077 489 2032 1187 342 257 693 147
internal_count=3732 566 3166 458 108 1167 1999 424 1961 1135 314 246 662 110
is_linear=0
shrinkage=0.05


Tree=5
num_leaves=15
num_cat=0
split_feature=85 85 96 47 47 85 85 100 54 85 91 96 91 101
split_gain=174.83 47.3937 27.4574 9.33346 7.95888 6.55429 3.79387 2.68247 2.42623 2.15879 2.09107 2.10173 1.59757 1.23614
threshold=0.74500000000000011 0.31500000000000006 1.3800000000000001 0.7350000000000001 1.4850000000000001 0.52500000000000013 0.21500000000000002 0.68812500000000021 0.095000000000000015 3.2700000000000005 0.080000000000000057 0.38166666666666688 -0.049999999999999954 0.14057560040672126
decision_type=10 10 2 2 2 10 10 2 2 10 10 2 10 2
left_child=1 6 4 5 7 10 -1 -2 -8 -4 11 -3 -7 -14
right_child=2 3 9 -5 -6 12 8 -9 -10 -11 -12 -13 13 -15
leaf_value=-0.014127008493925211 0.002154141444771085 -0.0076892470223843754 0.033820355101750139 0.016086434611143213 0.029897313203775523 -0.0050170127856545149 -0.010403026514724504 0.014201018206645237 0.0021939730830490591 0.044405250662849061 0.0067812514618377801 -0.0027377115558168087 0.0033425590594357174 0.011423663755704184
leaf_weight=1213 72 319 89 78 66 50 861 129 40 105 44 653 339 55
leaf_count=1175 64 308 46 55 33 48 820 85 35 51 35 631 325 45
internal_value=-0.00378055 -0.0074431 0.0252339 -0.000765215 0.0148324 -0.00166551 -0.0123015 0.00988572 -0.00984378 0.0395493 -0.00388014 -0.00436275 0.0034022 0.00447063
internal_weight=4113 3652 461 1538 267 1460 2114 201 901 194 1016 972 444 394
internal_count=3756 3477 279 1447 182 1392 2030 149 855 97 974 939 418 370
is_linear=0
shrinkage=0.05


Tree=6
num_leaves=15
num_cat=0
split_feature=47 85 85 64 85 85 91 74 70 86 54 55 85 47
split_gain=158.545 61.3763 16.2248 9.94674 7.65616 7.31761 2.68858 2.5223 3.22225 2.50149 2.25235 1.76614 1.13003 0.993616
threshold=1.0100000000000002 0.39500000000000007 2.2050000000000005 1.2055899003403316 0.56500000000000006 0.22500000000000003 -0.079999999999999988 0.21499999999999989 3.6850000000000005 0.75500000000000012 0.095000000000000015 0.10500000000000004 0.29500000000000004 0.52500000000000013
decision_type=2 10 10 2 10 10 10 2 2 10 2 2 10 2
left_child=1 5 4 -2 11 -1 -6 10 -9 13 12 -3 -7 -8
right_child=3 2 -4 -5 6 7 9 8 -10 -11 -12 -13 -14 -15
leaf_value=-0.013219008520267111 0.024279543518963637 -0.0022818762361833966 0.032830394763326234 0.043653597262568941 -0.0013409393465644826 -0.010427929780637635 0.0042674188937751522 -0.0099823034190117052 0.007772878191566893 0.013770141176533916 0.0025766944590114608 0.0077271176507062419 -0.0071494647546353034 0.011857546956161969
leaf_weight=1296 132 708 43 133 100 590 279 47 56 124 44 47 474 51
leaf_count=1247 72 686 26 61 90 566 269 46 44 85 37 39 455 38
internal_value=-0.00340805 -0.0059771 0.00260951 0.0340031 0.00161677 -0.0106078 0.00608077 -0.00781324 -0.000329001 0.00771551 -0.00850898 -0.0016588 -0.00896741 0.00544044
internal_weight=4124 3859 1352 265 1309 2507 554 1211 103 454 1108 755 1064 330
internal_count=3761 3628 1233 133 1207 2395 482 1148 90 392 1058 725 1021 307
is_linear=0
shrinkage=0.05


Tree=7
num_leaves=15
num_cat=0
split_feature=47 85 85 172 85 86 155 79 24 10 55 91 162 98
split_gain=130.616 53.599 11.8804 11.8537 6.21866 5.89611 2.88223 2.41195 4.75004 1.61512 1.5391 1.12537 0.995793 0.954672
threshold=0.91500000000000015 0.39500000000000007 1.7550000000000001 47.308333333333344 0.22500000000000003 0.56500000000000006 52.608333333333341 0.14514360704717927 9.297070615237546 30.500000000000004 0.10500000000000004 -0.099999999999999908 44.350000000000001 0.32208333333333344
decision_type=2 10 10 2 10 10 2 2 2 2 2 10 2 2
left_child=1 4 5 -2 -1 10 11 13 -9 -8 -3 -7 -13 -6
right_child=3 2 -4 -5 7 6 9 8 -10 -11 -12 12 -14 -15
leaf_value=-0.012530620004349161 0.019991299619525671 -0.002010377830010839 0.027731644175946715 0.041475643065165393 -0.0095093223032589637 -0.0038128842172833778 0.0035404169250762571 -0.0089490124331691231 0.0083617910019942194 0.013966585552670108 0.0067354559870350557 0.010106979757547379 0.0026537621902154706 -0.0061410067926995875
leaf_weight=1325 125 735 44 132 659 54 54 97 67 119 54 55 242 309
leaf_count=1280 71 713 28 62 639 52 48 97 53 79 46 46 234 297
internal_value=-0.00347574 -0.00580058 0.00217515 0.0310261 -0.0102056 0.00131873 0.00543016 -0.00748412 -0.00187692 0.0107122 -0.0014118 0.00282678 0.00403399 -0.00843411
internal_weight=4071 3814 1357 257 2457 1313 524 1132 164 173 789 351 297 968
internal_count=3745 3612 1246 133 2366 1218 459 1086 150 127 759 332 280 936
is_linear=0
shrinkage=0.05


Tree=8
num_leaves=15
num_cat=0
split_feature=85 85 85 47 85 9 54 85 91 91 85 47 47 161
split_gain=140.859 40.5601 22.6105 11.8339 6.44275 3.32708 2.94628 1.92854 1.66943 1.29915 1.43374 1.27791 1.22751 1.01257
threshold=0.88500000000000012 0.31500000000000006 1.8200000000000003 0.91500000000000015 0.48500000000000004 32.500000000000007 0.070000000000000048 0.19500000000000003 0.030000000000000009 -0.10000000000000001 0.56500000000000006 0.15500000000000003 2.5450000000000004 47.850000000000001
decision_type=10 10 10 2 10 2 2 8 10 10 10 2 2 2
left_child=1 6 5 4 13 -2 7 -1 9 -6 -11 -10 -4 -3
right_child=2 3 12 -5 8 -7 -8 -9 11 10 -12 -13 -14 -15
leaf_value=-0.012598711340683414 0.0056625091432051123 -0.0045403342861242649 0.035912675190812503 0.020545959088838463 -0.0060641643306654364 0.019721333018169945 -0.0014961111282601077 -0.0095250163319245233 0.0027016013052643222 -0.00056153686703577668 0.0043238128783468707 0.013950501666404309 0.044574475912160655 0.0023061402864625741
leaf_weight=979 62 784 78 66 54 131 85 1066 51 283 320 50 86 58
leaf_count=943 43 758 42 38 52 76 73 1030 48 273 304 35 41 50
internal_value=-0.00322251 -0.00604643 0.0268044 -0.000202452 -0.00105832 0.015205 -0.0106174 -0.0109965 0.00228568 0.00136566 0.00203102 0.00827036 0.0404548 -0.00406872
internal_weight=4153 3796 357 1666 1600 193 2130 2045 758 657 603 101 164 842
internal_count=3806 3604 202 1558 1520 119 2046 1973 712 629 577 83 83 808
is_linear=0
shrinkage=0.05


Tree=9
num_leaves=15
num_cat=0
split_feature=85 85 101 56 48 85 56 85 66 64 7 100 64 146
split_gain=127.286 33.4569 19.6622 8.39772 6.40798 5.32924 3.82269 2.34279 1.96457 1.65801 1.55424 1.49569 1.00253 0.938409
threshold=0.88500000000000012 0.31500000000000006 1.3803035793220904 0.62500000000000011 1.5100000000000002 0.48500000000000004 0.18500000000000008 0.19500000000000003 3.8150000000000004 0.28801634902282153 -0.93022279308917166 0.63645833333333346 0.52276737011008811 53.850000000000001
decision_type=10 10 2 2 2 10 2 8 2 2 2 2 2 10
left_child=1 6 4 5 8 13 7 -1 -2 -9 -7 -12 -13 -3
right_child=2 3 -4 -5 -6 10 -8 9 -10 -11 11 12 -14 -15
leaf_value=-0.012016306233941822 0.0026579833519645036 -0.0040928108902932225 0.040334180851156518 0.018443842741243287 0.027908108043225688 0.0084632536202024176 0.0022876006011511127 -0.0090577931833833291 0.015204593395957582 -6.3548876938444599e-05 -0.00025143180389141024 0.007148031044061056 -0.0010771323116496206 0.0031101873125104857
leaf_weight=954 60 780 144 58 72 87 63 1002 65 54 446 143 50 48
leaf_count=927 49 752 70 37 40 74 52 965 33 49 424 136 49 43
internal_value=-0.00293452 -0.00563899 0.0262912 -0.000236281 0.0160262 -0.00093348 -0.00984022 -0.0102203 0.00918222 -0.00859786 0.00219349 0.00133986 0.00501716 -0.00367525
internal_weight=4026 3685 341 1612 197 1554 2073 2010 125 1056 726 639 193 828
internal_count=3700 3508 192 1515 122 1478 1993 1941 82 1014 683 609 185 795
is_linear=0
shrinkage=0.05


Tree=10
num_leaves=15
num_cat=0
split_feature=47 85 98 85 3 100 21 91 95 85 7 94 54 96
split_gain=119.37 44.3765 12.9153 7.20373 6.70733 4.55476 2.04105 1.52722 1.13336 1.10297 1.06538 0.953333 0.965656 0.89006
threshold=1.5100000000000002 0.46500000000000002 2.5475000000000003 0.24500000000000002 1.0000000180025095e-35 0.66083333333333349 27.750000000000004 0.069999999999999979 0.017320508075688936 0.37500000000000006 -0.49965035239419919 0.16166666666666671 0.050000000000000162 0.52583333333333371
decision_type=2 10 2 10 2 2 2 10 10 10 2 8 2 2
left_child=1 3 5 11 -2 13 8 9 -7 -5 -8 -1 -13 -3
right_child=4 2 -4 7 -6 6 10 -9 -10 -11 -12 12 -14 -15
leaf_value=-0.012271301737151196 0.024491348062505629 -0.0013890275846665297 0.030325483869422565 -0.0068229188986765072 0.04331178127654961 0.0064978109697174094 0.015921604963069835 0.0020848347667858681 -0.0037366235163062813 -0.0035669931633960069 0.0080245664873446268 -0.0099022542505820352 -0.0021669592752697922 0.0021106094552839211
leaf_weight=485 82 325 44 777 112 76 74 66 42 391 101 1025 42 412
leaf_count=474 42 310 25 745 53 72 38 59 41 378 84 993 36 383
internal_value=-0.00291408 -0.00483753 0.00379705 -0.00816615 0.0353568 0.0026638 0.00793712 -0.00531483 0.00285505 -0.00573296 0.0113639 -0.0104333 -0.00959777 0.00056735
internal_weight=4054 3860 1074 2786 194 1030 293 1234 118 1168 175 1552 1067 737
internal_count=3733 3638 953 2685 95 928 235 1182 113 1123 122 1503 1029 693
is_linear=0
shrinkage=0.05


Tree=11
num_leaves=15
num_cat=0
split_feature=94 85 55 55 85 86 85 91 21 81 74 24 86 56
split_gain=125.849 38.5142 7.84393 7.81609 5.12955 5.1237 3.52128 2.54072 3.22973 1.60824 1.45612 2.60589 1.26364 0.997374
threshold=1.4916666666666669 0.39500000000000007 0.79000000000000015 0.245 2.8950000000000005 0.59500000000000008 0.22500000000000003 -0.079999999999999988 27.916666666666668 0.14636762678114648 0.17500000000000007 9.297070615237546 0.83500000000000008 0.03500000000000001
decision_type=10 10 2 2 10 10 10 10 2 2 2 2 10 2
left_child=1 3 5 6 -2 13 -1 -7 -9 12 -8 -12 -10 -3
right_child=4 2 -4 -5 -6 7 10 8 9 -11 11 -13 -14 -15
leaf_value=-0.010207529815941044 0.026501468578053102 -0.0016890223868640847 0.021970742887684278 0.01308351339295853 0.042203955857430475 -0.0031402191842510685 -0.0070784943904113442 0.0026609747414686928 0.0035485874298668112 0.017950633868929887 -0.0070495126433237354 0.0069646159807840993 0.01251483055530116 0.0027519065430589348
leaf_weight=1302 93 667 49 43 118 73 1031 222 71 63 86 54 88 156
leaf_count=1261 50 646 25 32 59 69 989 217 62 44 85 43 48 142
internal_value=-0.00232898 -0.00436127 0.00232176 -0.00805076 0.035283 0.00160326 -0.00841824 0.00550415 0.00692541 0.0111898 -0.00642878 -0.00164406 0.00851104 -0.000847242
internal_weight=4116 3905 1389 2516 211 1340 2473 517 444 222 1171 140 159 823
internal_count=3772 3663 1253 2410 109 1228 2378 440 371 154 1117 128 110 788
is_linear=0
shrinkage=0.05


Tree=12
num_leaves=15
num_cat=0
split_feature=47 85 85 174 100 85 9 24 12 55 51 52 98 154
split_gain=114.222 37.3146 15.3289 7.36344 4.29981 4.01376 1.70897 1.41766 1.37182 1.34291 1.3006 1.32431 0.825564 0.821432
threshold=1.5100000000000002 0.39500000000000007 1.8200000000000003 47.429166666666681 0.63645833333333346 0.24500000000000002 26.500000000000004 0.98473192784275854 132.50000000000003 0.10500000000000004 0.75500000000000012 0.055000000000000007 0.17708333333333337 1.9582693862827036
decision_type=2 10 10 2 2 10 2 2 2 2 2 2 2 2
left_child=1 5 4 -2 9 12 7 -6 13 -3 11 -8 -1 -7
right_child=3 2 -4 -5 6 8 10 -9 -10 -11 -12 -13 -14 -15
leaf_value=-0.010850673799713453 0.024083894434688467 -0.0010054834184170603 0.031002218921979269 0.04350780088592459 0.0090107298763644587 -0.0063428251879979669 0.010487638199923649 -0.00087305929911646828 0.00065141183995576788 0.0055767366757979346 0.015476323554717137 0.00056116951538050285 -0.0085227782817267617 0.00091642420738935471
leaf_weight=675 89 877 45 108 53 787 84 115 86 85 57 56 874 41
leaf_count=655 46 841 26 49 50 752 55 111 76 68 36 53 842 38
internal_value=-0.00239831 -0.00430569 0.00230249 0.0347325 0.00132925 -0.00798673 0.00594988 0.00224504 -0.00535909 -0.000423894 0.00910933 0.00651705 -0.00953719 -0.00598337
internal_weight=4032 3835 1372 197 1327 2463 365 168 914 962 197 140 1549 828
internal_count=3698 3603 1240 95 1214 2363 305 161 866 909 144 108 1497 790
is_linear=0
shrinkage=0.05


Tree=13
num_leaves=15
num_cat=0
split_feature=85 85 47 85 91 91 162 47 6 47 91 85 173 85
split_gain=104.306 37.7579 11.0106 7.02522 2.84185 2.62806 2.30999 1.603 1.95941 1.55399 1.40423 1.28299 1.16918 0.826782
threshold=1.9700000000000002 0.47500000000000003 0.91500000000000015 0.31500000000000006 0.069999999999999979 0.080000000000000057 49.250000000000007 0.39500000000000007 0.11196447610330794 2.5450000000000004 -0.039999999999999945 0.18500000000000003 0.80601902376234624 0.56500000000000006
decision_type=10 10 2 10 10 10 2 2 2 2 10 8 2 10
left_child=1 3 6 4 11 12 7 10 -9 -2 -3 -1 -5 -12
right_child=9 2 -4 5 -6 -7 -8 8 -10 -11 13 -13 -14 -15
leaf_value=-0.01001822929273515 0.033181579880518459 -0.004837540643248997 0.018030054790970799 -0.0039639645181502618 0.0036984828642892599 0.008407615385949611 0.009679501413043138 0.011597461008313985 0.00014274432091042401 0.043300644091412994 -0.00029249370356595491 -0.0074700013831475636 0.0039517638897523287 0.0035748648593205592
leaf_weight=821 73 103 130 696 49 50 99 80 70 79 295 1240 50 260
leaf_count=795 41 99 70 674 42 39 64 62 61 39 290 1185 44 251
internal_value=-0.00220259 -0.00376937 0.00442129 -0.00669219 -0.00820215 -0.00268964 0.00247075 0.0015875 0.00625193 0.0384408 0.000524183 -0.00848509 -0.00343342 0.00151924
internal_weight=4095 3943 1037 2906 2110 796 907 808 150 152 658 2061 746 555
internal_count=3756 3676 897 2779 2022 757 827 763 123 80 640 1980 718 541
is_linear=0
shrinkage=0.05


Tree=14
num_leaves=15
num_cat=0
split_feature=94 85 47 47 94 91 172 173 85 91 123 64 94 85
split_gain=105.005 29.3777 9.08321 6.90512 5.46146 3.24833 2.63973 1.85832 1.03264 1.15712 1.04704 0.994996 0.805835 0.797803
threshold=1.4916666666666669 0.46500000000000002 1.5100000000000002 1.8050000000000004 0.26333333333333347 0.089999999999999997 48.475000000000001 0.81649658092751265 0.58500000000000008 -0.18999999999999995 0.055000000000000007 0.28801634902282153 0.16166666666666671 0.37500000000000006
decision_type=10 10 2 2 10 10 2 2 10 8 10 2 8 10
left_child=1 4 6 -2 11 7 8 13 -3 -10 -11 12 -1 -6
right_child=3 2 -4 -5 5 -7 -8 -9 9 10 -12 -13 -14 -15
leaf_value=-0.010157802984179037 0.022325788708847195 -0.00055462197383434567 0.020463640098525606 0.041149364463214218 -0.0059724387589370478 0.0095879784467714762 0.0090032825954895254 0.004169145807410117 -0.0046485744509845977 0.0028320220667024084 0.011080985435877336 -0.00099484967573991293 -0.0077665590731791807 -0.0029878979374349727
leaf_weight=492 84 479 71 116 587 44 117 61 45 306 44 46 1241 362
leaf_count=478 49 459 34 56 563 37 79 53 41 287 34 41 1195 353
internal_value=-0.00209002 -0.00390432 0.00318796 0.0332435 -0.00656299 -0.00371086 0.00195025 -0.00429022 0.00100608 0.00289867 0.00386903 -0.00825278 -0.00844544 -0.00483397
internal_weight=4095 3895 1062 200 2833 1054 991 1010 874 395 350 1779 1733 949
internal_count=3759 3654 934 105 2720 1006 900 969 821 362 321 1714 1673 916
is_linear=0
shrinkage=0.05


Tree=15
num_leaves=15
num_cat=0
split_feature=85 96 56 91 85 91 18 85 91 52 83 26 96 97
split_gain=99.2956 28.202 10.5224 5.13106 4.47181 3.98691 2.78141 2.60693 1.84738 1.91453 1.38185 1.17773 1.05027 0.841908
threshold=1.5050000000000001 0.41000000000000009 1.0100000000000002 -0.034999999999999969 0.59500000000000008 0.12000000000000002 30.500000000000004 0.22500000000000003 -0.079999999999999988 0.93500000000000016 0.30803574059841909 50.824604263309872 0.85083333333333355 0.10985582776161619
decision_type=10 2 2 10 10 10 2 10 10 2 2 2 2 10
left_child=1 5 4 -2 10 7 8 -1 -6 12 13 -9 -10 -3
right_child=3 2 -4 -5 6 -7 -8 11 9 -11 -12 -13 -14 -15
leaf_value=-0.0083612192260741364 0.025478511393584053 -0.00068562153547303752 0.024354095527758968 0.042243523430079227 -0.0027256819326836662 0.0088987170003081966 0.017190850010888957 -0.0054158962565487613 0.00271533374356444 0.015190615330522468 0.0066154308788674444 0.003209914323851103 0.0092732666359482286 -0.0050531001445323007
leaf_weight=1304 87 625 52 96 86 41 43 1136 281 44 57 41 78 134
leaf_count=1256 50 601 25 48 80 31 25 1090 268 26 49 33 45 130
internal_value=-0.00172708 -0.00340685 0.00228384 0.0342733 0.00143246 -0.00656583 0.00499908 -0.0068214 0.003927 0.00534668 -0.00089283 -0.00511542 0.00414018 -0.00145669
internal_weight=4105 3922 1400 183 1348 2522 532 2481 489 403 816 1177 359 759
internal_count=3757 3659 1249 98 1224 2410 444 2379 419 339 780 1123 313 731
is_linear=0
shrinkage=0.05


Tree=16
num_leaves=15
num_cat=0
split_feature=94 94 47 47 54 87 100 59 154 80 157 63 24 94
split_gain=93.4384 23.6693 9.26925 6.85168 5.15196 3.0219 2.52251 1.41638 1.30231 1.10552 0.955374 0.881528 0.881195 0.789842
threshold=1.4916666666666669 0.435 1.5100000000000002 2.5450000000000004 0.20000000000000012 0.27500000000000008 0.6395833333333335 0.76500000000000001 1.5144856112439997 3.4966666666666675 53.443750000000001 0.26312500000000011 1.311372170556931 0.16166666666666671
decision_type=10 10 2 2 2 10 2 2 2 2 2 2 2 10
left_child=1 4 6 -2 5 13 9 10 -7 -3 12 -11 -8 -1
right_child=3 2 -4 -5 -6 8 7 -9 -10 11 -12 -13 -14 -15
leaf_value=-0.0092066371269988821 0.023244738248216254 0.005522210577775976 0.022389761824160817 0.042073857849770857 0.011475486753553879 -0.0042970693023272229 0.0059038754930165974 0.011903035014363954 0.0046497343822793904 -5.7311936328720091e-05 0.0080546268371198288 -0.0051528022592478642 -0.0010118577307038636 -0.0068707008467163962
leaf_weight=497 103 78 55 91 41 752 74 61 43 634 81 98 122 1331
leaf_count=484 58 67 27 44 28 725 72 42 38 604 56 90 120 1279
internal_value=-0.00178425 -0.003483 0.00233816 0.032077 -0.0061117 -0.0063866 0.0013775 0.00500577 -0.00381315 -0.000136516 0.00348688 -0.000739495 0.00159918 -0.0075058
internal_weight=4061 3867 1203 194 2664 2623 1148 338 795 810 277 732 196 1828
internal_count=3734 3632 1078 102 2554 2526 1051 290 763 761 248 694 192 1763
is_linear=0
shrinkage=0.05


Tree=17
num_leaves=15
num_cat=0
split_feature=47 85 96 86 170 91 96 91 56 173 85 91 101 48
split_gain=98.0632 24.0534 12.8406 5.11712 4.68834 3.06062 2.70891 1.46907 1.22968 1.06682 1.07214 1.02865 0.914692 0.666878
threshold=1.7100000000000002 0.48500000000000004 2.7741666666666673 0.27500000000000008 47.916666666666679 -0.26999999999999974 0.85083333333333355 0.069999999999999979 0.18500000000000008 0.80601902376234624 0.37500000000000006 0.11000000000000008 0.27655792443493038 0.47500000000000003
decision_type=2 10 2 10 2 10 2 10 2 2 10 10 2 2
left_child=1 3 5 8 -2 -3 11 9 12 10 -5 -7 -1 -8
right_child=4 2 -4 7 -6 6 13 -9 -10 -11 -12 -13 -14 -15
leaf_value=-0.0074342330740616849 0.027266364254191829 -0.0094482875109522385 0.029810670150650871 -0.0051601843942112556 0.043507380238393456 0.0014305159638843181 0.0063627359729453731 0.0048337570744658234 0.00091710363558377144 0.0029667630815989714 -0.0018986205879452636 0.0090788574042195026 -0.0019316394176758544 0.013269385031708226
leaf_weight=1716 97 51 45 510 82 680 77 61 48 67 498 47 79 64
leaf_count=1663 47 45 24 491 37 651 48 55 41 60 477 34 74 42
internal_value=-0.00148923 -0.0031324 0.00373262 -0.00535391 0.0347064 0.00245568 0.0031551 -0.00271441 -0.00698086 -0.00314273 -0.00354882 0.00192498 -0.00719206 0.00949767
internal_weight=4122 3943 964 2979 179 919 868 1136 1843 1075 1008 727 1795 141
internal_count=3789 3705 844 2861 84 820 775 1083 1778 1028 968 685 1737 90
is_linear=0
shrinkage=0.05


Tree=18
num_leaves=15
num_cat=0
split_feature=47 96 96 47 100 161 165 101 26 141 173 91 96 47
split_gain=87.7947 22.7113 13.5515 2.80974 2.4008 2.29475 2.19326 1.96435 1.59644 2.00315 1.53963 0.917631 0.868261 0.74465
threshold=1.9750000000000003 0.42666666666666692 3.4366666666666674 0.46500000000000002 0.24312500000000001 48.45000000000001 42.350000000000001 0.14057560040672126 15.111421913036429 47.95000000000001 0.80601902376234624 0.080000000000000057 0.56416666666666693 0.27500000000000008
decision_type=2 2 2 2 2 2 2 2 2 10 2 10 2 2
left_child=1 4 3 5 13 6 -3 12 -5 -10 11 -6 -8 -1
right_child=-2 2 -4 8 10 -7 7 -9 9 -11 -12 -13 -14 -15
leaf_value=-0.0072377797127970954 0.036068139891140161 0.0091299736583319493 0.029601624370975927 -0.00033844932647406176 -0.004690067105823861 0.0070395923074102031 -0.0010472538792652944 -0.005650358155172946 0.0034817065955139699 0.014890575378284424 0.0034766526794004619 0.0030314005108084529 0.0025520339989441032 -0.0013066409405754795
leaf_weight=1399 150 57 44 59 1011 116 504 181 75 79 66 40 251 55
leaf_count=1347 71 49 24 51 980 82 487 175 51 50 59 35 246 46
internal_value=-0.00147571 -0.00290613 0.00230382 0.00139527 -0.00567424 0.000385059 -0.000392308 -0.00097219 0.006655 0.00933431 -0.00393101 -0.0043962 0.000149331 -0.00701342
internal_weight=4087 3937 1366 1322 2571 1109 993 936 213 154 1117 1051 755 1454
internal_count=3753 3682 1215 1191 2467 1039 957 908 152 101 1074 1015 733 1393
is_linear=0
shrinkage=0.05


Tree=19
num_leaves=15
num_cat=0
split_feature=85 85 48 85 54 21 91 162 74 24 85 54 91 85
split_gain=101.26 19.4131 8.03203 4.64444 3.33664 2.96009 1.53447 1.46535 1.07794 1.91387 0.975092 0.743911 0.645383 0.508166
threshold=1.9700000000000002 0.48500000000000004 0.93500000000000016 0.24500000000000002 0.13499999999999998 35.416666666666679 0.090000000000000066 48.550000000000004 0.21499999999999989 9.297070615237546 0.37500000000000006 0.070000000000000048 -0.20500000000000004 0.16500000000000004
decision_type=10 10 2 10 2 2 10 2 2 2 10 2 8 8
left_child=1 3 6 11 8 -2 7 12 10 -10 -5 13 -3 -1
right_child=5 2 -4 4 -6 -7 -8 -9 9 -11 -12 -13 -14 -15
leaf_value=-0.0080101389417552276 0.02925333527750091 -0.005678279603654076 0.015597241706176041 -0.0046127373156850315 0.011625572834163905 0.042492236040140456 0.0099146125366031713 0.0065486334592357968 -0.0039478833406743864 0.0086086503792343269 -0.0017479861543753265 -7.8805422942553242e-06 0.00072334407307192775 -0.0060880020752029588
leaf_weight=526 76 42 120 745 40 95 54 110 71 53 494 42 629 993
leaf_count=510 42 38 66 717 31 46 36 76 70 42 476 35 606 957
internal_value=-0.0010548 -0.00269818 0.00350147 -0.0046957 -0.00260799 0.0366083 0.00176316 0.00119955 -0.0030257 0.00141902 -0.00347054 -0.0065721 0.000322646 -0.0067536
internal_weight=4090 3919 955 2964 1403 171 835 781 1363 124 1239 1561 671 1519
internal_count=3748 3660 822 2838 1336 88 756 720 1305 112 1193 1502 644 1467
is_linear=0
shrinkage=0.05


Tree=20
num_leaves=15
num_cat=0
split_feature=47 85 101 85 90 13 174 170 98 64 24 93 58 85
split_gain=92.5673 20.4899 13.498 5.49327 1.70676 1.83793 1.48614 1.35507 1.10002 0.929116 1.06516 0.861786 0.817113 0.705312
threshold=1.9750000000000003 0.52500000000000013 1.3803035793220904 0.31500000000000006 0.28500000000000009 32.500000000000007 48.07083333333334 44.116666666666674 0.79583333333333328 0.25364687692815324 8.8501813925276878 -0.089999999999999969 0.10472137006636283 0.16500000000000004
decision_type=2 10 2 10 10 2 2 2 2 2 2 8 2 8
left_child=1 3 4 9 -3 11 12 -7 -9 13 -11 -6 -5 -1
right_child=-2 2 -4 6 5 7 -8 8 -10 10 -12 -13 -14 -15
leaf_value=-0.0077620480022283908 0.036404351503411425 -0.0041187413263342248 0.027677663075255939 -0.0022490608836769274 -0.0052797467315117723 0.0148077319505521 0.0078381132942101951 0.0019491950877376701 0.0095444028633253943 -0.0057095878567822557 0.0050554124638438232 0.0022610688871371339 0.0038224578231288971 -0.0056366058971954527
leaf_weight=537 158 83 58 912 42 45 41 112 83 54 40 387 59 1429
leaf_count=523 75 72 31 886 41 29 33 101 47 53 35 364 52 1371
internal_value=-0.00111085 -0.00263774 0.00443651 -0.00450302 0.00264398 0.003483 -0.00148642 0.00698685 0.00518203 -0.00598497 -0.00112874 0.00152281 -0.00188014 -0.00621716
internal_weight=4040 3882 810 3072 752 669 1012 240 195 2060 94 429 971 1966
internal_count=3713 3638 685 2953 654 582 971 177 148 1982 88 405 938 1894
is_linear=0
shrinkage=0.05


Tree=21
num_leaves=15
num_cat=0
split_feature=47 85 85 47 146 91 85 91 177 96 18 99 54 136
split_gain=82.591 23.7528 13.7056 3.45073 2.21083 1.73903 1.90272 1.09903 1.03747 0.913136 0.886818 0.86274 0.78079 0.57197
threshold=2.0100000000000002 3.2700000000000005 0.31500000000000006 0.90500000000000014 54.350000000000001 -0.26999999999999974 0.57500000000000007 0.040000000000000029 0.4054876791204049 0.1900000000000002 24.500000000000004 0.13144880326117733 0.095000000000000015 0.055833333333333339
decision_type=2 8 10 2 10 8 10 10 2 2 2 2 2 8
left_child=1 2 9 4 5 -4 7 -7 -9 -1 11 13 -11 -8
right_child=-2 -3 3 -5 -6 6 10 8 -10 12 -12 -13 -14 -15
leaf_value=-0.0068305627744856936 0.037171942037393289 0.034940953357588678 -0.010511361328116078 0.0097875368223353503 0.0072976646937449726 -0.0018487148252691325 0.0071540970348523587 0.0083214812283889227 -0.0022279945923378919 -0.0049766998367615735 0.0096360152889974418 -0.0022894443419469706 0.0014020234774798157 0.001924988321787977
leaf_weight=874 136 42 43 92 94 1044 69 54 41 1184 40 96 50 216
leaf_count=840 65 24 37 54 68 1012 57 44 39 1145 26 90 44 211
internal_value=-0.00113665 -0.00245931 -0.00286239 0.000356335 -0.000154962 -0.000591984 -0.000318565 -0.0013802 0.00376855 -0.00559403 0.00255364 0.00181009 -0.00471824 0.00319098
internal_weight=4075 3939 3897 1789 1697 1603 1560 1139 95 2108 421 381 1234 285
internal_count=3756 3691 3667 1638 1584 1516 1479 1095 83 2029 384 358 1189 268
is_linear=0
shrinkage=0.05


Tree=22
num_leaves=15
num_cat=0
split_feature=85 47 86 170 85 91 64 91 80 86 55 67 151 173
split_gain=90.4663 17.5512 9.45975 2.40655 1.14744 1.14228 1.02396 0.625833 0.550887 0.547987 0.499741 0.65057 0.447927 0.429966
threshold=2.0500000000000003 0.9850000000000001 0.31500000000000006 48.550000000000004 0.52500000000000013 -0.24499999999999997 0.28801634902282153 -0.034999999999999969 3.820416666666667 0.15500000000000003 -0.12499999999999993 3.5150000000000001 53.316666666666677 0.9034183705375961
decision_type=10 2 10 2 10 8 2 10 2 10 2 2 2 2
left_child=1 2 6 4 7 -6 9 -4 10 -1 -7 -12 -5 -9
right_child=-2 -3 3 12 5 8 -8 13 -10 -11 11 -13 -14 -15
leaf_value=-0.007079149211047713 0.036607804323558688 0.014886441187444309 -0.006609213413097538 0.00939398005731025 -0.0071097900995859735 -0.0027253047008966801 0.00015941358463143011 -0.0017801112351860705 0.0071942484191094992 -0.0050836333781830185 0.0063979475954511148 0.00092240996621032454 0.0035533762300965959 0.0031242794778316898
leaf_weight=436 154 141 65 59 41 73 83 909 40 1631 64 356 74 47
leaf_count=421 79 78 63 38 36 68 76 883 35 1566 55 342 54 43
internal_value=-0.00100087 -0.00244195 -0.003072 -0.000317428 -0.000856245 0.000932348 -0.0052859 -0.00186178 0.00155097 -0.00550455 0.0010931 0.00175678 0.00614432 -0.001539
internal_weight=4173 4019 3878 1728 1595 574 2150 1021 533 2067 493 420 133 956
internal_count=3837 3758 3680 1617 1525 536 2063 989 500 1987 465 397 92 926
is_linear=0
shrinkage=0.05


Tree=23
num_leaves=15
num_cat=0
split_feature=85 47 85 47 88 85 94 55 50 47 21 72 52 173
split_gain=83.1239 17.5257 9.51779 3.18524 2.86714 1.60084 1.27905 1.00736 1.08005 0.993608 0.804927 1.53096 0.605926 0.53368
threshold=2.0500000000000003 0.91500000000000015 0.38500000000000006 2.8350000000000004 0.71500000000000008 0.56500000000000006 0.23666666666666678 -0.16499999999999992 0.21500000000000002 0.38500000000000006 125.08333333333336 3.8050000000000002 0.055000000000000007 1.6093991065952011
decision_type=10 2 10 2 10 10 10 2 2 2 2 2 2 2
left_child=1 2 6 -2 -3 9 -1 -7 12 -4 13 -12 -9 -8
right_child=3 4 5 -5 -6 7 10 8 -10 -11 11 -13 -14 -15
leaf_value=-0.0055854012357459282 0.027004854920271201 0.0074506324370504258 -0.001328010190664207 0.041053772631079649 0.020383518016724677 -0.0031018878539683871 -0.0039832785606681758 0.0035267855435861342 0.0082994911043083701 0.0047811738701978995 -0.005637534518157029 0.0070155434871968974 -0.0010716006093173644 0.0018517329425710004
leaf_weight=1442 76 91 754 86 81 65 886 274 95 73 45 51 97 41
leaf_count=1393 44 56 730 41 37 57 849 241 76 66 44 42 93 38
internal_value=-0.000648139 -0.00207192 -0.00277436 0.0344629 0.0135411 0.00058684 -0.00462609 0.00272923 0.00354259 -0.000788747 -0.00327386 0.00108441 0.00232451 -0.0037252
internal_weight=4157 3995 3823 162 172 1358 2465 531 466 827 1023 96 371 927
internal_count=3807 3722 3629 85 93 1263 2366 467 410 796 973 86 334 887
is_linear=0
shrinkage=0.05


Tree=24
num_leaves=15
num_cat=0
split_feature=85 47 94 47 146 91 152 177 85 91 92 85 90 21
split_gain=78.817 13.7405 7.67546 2.08799 2.08713 1.70343 1.62829 1.21533 1.19173 0.860099 0.6692 0.658148 0.566322 1.62057
threshold=1.9700000000000002 0.91500000000000015 0.31666666666666682 2.5450000000000004 54.350000000000001 0.055 0.25166114784491889 0.4054876791204049 0.56500000000000006 -0.215 -0.15499999999999994 0.15500000000000003 0.56500000000000006 26.916666666666668
decision_type=10 2 10 2 10 10 2 2 10 8 10 10 8 2
left_child=1 2 11 -2 5 8 -3 -7 10 -10 -4 -1 -13 -14
right_child=3 6 4 -5 -6 7 -8 -9 9 -11 -12 12 13 -15
leaf_value=-0.0065140315085968044 0.027931169798112901 0.016893872399251973 -0.0065935878998485131 0.039524165926927549 0.0075719543039889595 0.010058996606557097 0.0064840060562934149 7.8150516158336262e-05 -0.0054210635890657695 0.0019725211551816159 -0.0016310606012758513 -0.0045508573422999151 -0.005283909180277103 0.0072074766363948578
leaf_weight=421 73 89 73 83 82 61 65 61 44 371 979 1569 74 40
leaf_count=410 41 44 71 41 60 45 40 53 39 346 948 1504 71 35
internal_value=-0.000755572 -0.00213947 -0.00273669 0.0340992 -0.00020682 -0.000608241 0.0125001 0.00506857 -0.00108034 0.00118862 -0.00197542 -0.00474592 -0.00430363 -0.000900967
internal_weight=4085 3929 3775 156 1671 1589 154 122 1467 415 1052 2104 1683 114
internal_count=3748 3666 3582 82 1562 1502 84 98 1404 385 1019 2020 1610 106
is_linear=0
shrinkage=0.05


Tree=25
num_leaves=15
num_cat=0
split_feature=85 47 96 170 47 14 146 93 47 156 88 137 90 146
split_gain=77.8173 13.6019 7.45343 5.53865 3.18771 2.32313 1.64595 1.19202 1.40763 1.12456 1.00501 0.801886 0.76712 0.642945
threshold=2.0500000000000003 0.7350000000000001 0.37000000000000016 47.683333333333344 2.8350000000000004 82.500000000000014 54.350000000000001 -0.22999999999999993 0.39500000000000007 0.62882164860933643 0.46500000000000002 0.0045226701686663469 0.19500000000000003 45.150000000000013
decision_type=10 2 2 2 2 2 10 10 2 2 10 10 8 10
left_child=1 2 12 5 -2 -3 7 -4 10 -10 -9 -12 -1 -14
right_child=4 3 6 -5 -6 -7 -8 8 9 -11 11 -13 13 -15
leaf_value=-0.0054876643360075982 0.026629253175969311 -0.0010354558791732416 -0.0047033222465289242 0.021992153755170021 0.040834399682935334 0.011390245901289541 0.0071712878634571098 -0.002223514742979688 0.010467829664462601 0.00023552920413203536 0.00049579916904290457 0.0077968300442444157 0.0013284970871022634 -0.0038845713193354416
leaf_weight=972 78 80 133 68 80 71 80 405 58 50 629 40 62 1285
leaf_count=936 44 58 126 34 38 39 57 395 45 48 601 34 57 1242
internal_value=-0.000583688 -0.00196585 -0.00267987 0.0101431 0.0338217 0.00480709 0.000208085 -0.000215531 0.00028944 0.00573065 -0.000257721 0.000932333 -0.00441713 -0.00364462
internal_weight=4091 3933 3714 219 158 151 1395 1315 1182 108 1074 669 2319 1347
internal_count=3754 3672 3541 131 82 97 1306 1249 1123 93 1030 635 2235 1299
is_linear=0
shrinkage=0.05


Tree=26
num_leaves=15
num_cat=0
split_feature=85 91 96 54 85 91 52 24 86 13 58 54 92 139
split_gain=77.5511 14.0019 8.37552 4.82739 1.89883 1.55513 2.29243 1.19457 1.19435 1.14526 1.0303 0.63831 0.601466 0.576877
threshold=1.9700000000000002 0.40000000000000019 0.42416666666666686 -0.014999999999999956 0.56500000000000006 -0.17999999999999999 0.95500000000000007 35.707436105369858 0.26500000000000007 116.50000000000001 0.10472137006636283 -0.020000000000000004 -0.15499999999999994 0.0038069349381343958
decision_type=10 10 2 2 10 10 2 2 10 2 2 2 10 8
left_child=1 2 8 -2 10 -6 7 11 -1 -10 12 -7 -4 -13
right_child=3 -3 4 -5 5 6 -8 -9 9 -11 -12 13 -14 -15
leaf_value=-0.0046576829440164152 0.024665676197641859 0.025171334242963413 -0.0061217043404306832 0.042098682391934282 -0.0047551747783201566 -0.0027121364812046525 0.012732744411265371 0.010456869386446972 -0.0029798246549292964 0.0032011637323906268 0.0063281912337212519 0.0050739833753711237 -0.00079076564510958741 0.0010101099357646155
leaf_weight=1760 77 47 58 82 57 64 65 45 772 83 48 150 603 209
leaf_count=1697 41 27 55 42 50 57 37 31 740 72 44 107 584 200
internal_value=-0.000582575 -0.00195697 -0.00228273 0.0336563 0.000998952 0.00309454 0.003934 0.00271195 -0.00391291 -0.0023798 -0.000744905 0.00188802 -0.00125853 0.00270811
internal_weight=4120 3961 3914 159 1299 590 533 468 2615 855 709 423 661 359
internal_count=3784 3701 3674 83 1165 482 432 395 2509 812 683 364 639 307
is_linear=0
shrinkage=0.05


Tree=27
num_leaves=15
num_cat=0
split_feature=85 47 85 79 138 26 176 91 55 85 17 89 85 14
split_gain=65.1805 11.7314 6.55687 4.30413 3.62075 2.14114 1.24648 0.847707 0.801426 0.657216 0.937417 0.599767 0.657169 0.888223
threshold=1.9700000000000002 0.7350000000000001 0.37500000000000006 0.14870548332786859 0.056770833333333347 36.204266308736699 49.60625000000001 0.079999999999999988 0.10500000000000004 0.24500000000000002 -21.499999999999996 0.41500000000000004 0.56500000000000006 57.500000000000007
decision_type=10 2 10 2 10 2 2 10 2 10 2 10 10 2
left_child=1 2 7 5 -2 -3 8 9 11 -1 -11 -4 -13 -14
right_child=4 3 6 -5 -6 -7 -8 -9 -10 10 -12 12 13 -15
leaf_value=-0.0047123881328133719 0.023624548211228103 -0.0019097446602245327 -0.0024127138266423652 0.019991696761654958 0.038813525122626646 0.01083217501262318 0.00595924737679762 0.0028933307378214194 0.0049533316822101678 0.0038262980136399474 -0.0033803713851688574 -0.00077157001350359154 0.00087505257219401002 0.0078573318458101879
leaf_weight=1550 80 64 278 70 77 68 92 44 75 48 753 599 291 54
leaf_count=1499 44 46 267 40 38 37 56 37 63 43 719 579 287 41
internal_value=-0.000526305 -0.00177097 -0.00239769 0.00996922 0.0310739 0.00465427 0.000335336 -0.00398274 -6.35843e-05 -0.00411142 -0.00294851 -0.000371496 0.000229625 0.00196793
internal_weight=4143 3986 3784 202 157 132 1389 2395 1297 2351 801 1222 944 345
internal_count=3796 3714 3591 123 82 83 1293 2298 1237 2261 762 1174 907 328
is_linear=0
shrinkage=0.05


Tree=28
num_leaves=15
num_cat=0
split_feature=85 47 85 95 100 93 85 17 80 69 61 86 17 146
split_gain=70.3139 12.2716 5.7011 1.11972 1.48171 1.09125 0.777777 0.800722 0.67944 1.17627 0.537845 0.527672 0.477428 0.473763
threshold=2.2950000000000004 1.0100000000000002 0.38500000000000006 0.2930262801620524 0.6312500000000002 0.12000000000000002 0.22500000000000003 -22.499999999999996 3.4904166666666669 3.4750000000000005 0.19500000000000003 0.74500000000000011 63.500000000000007 45.250000000000007
decision_type=10 2 10 10 2 10 10 2 2 2 2 10 2 10
left_child=1 2 6 4 8 11 12 -8 9 -4 -10 -6 -1 -9
right_child=-2 -3 3 -5 5 -7 7 13 10 -11 -12 -13 -14 -15
leaf_value=-0.0046174537757537855 0.034661033271771412 0.012485869981449198 -0.0014990036241144089 -0.0070852655071613133 0.0009171166234062943 0.010684777993645351 0.0024799242091010994 0.0012188518243361145 -0.00026596068806559754 0.0097281160772518197 -0.0034891355154883109 0.0051884598552388635 0.00092765964102000005 -0.003293575969944445
leaf_weight=1313 138 148 51 49 223 44 71 62 737 43 157 107 40 941
leaf_count=1282 70 76 48 43 219 31 63 57 710 35 147 71 25 907
internal_value=-0.00042711 -0.0016419 -0.00218669 0.000340671 0.00060783 0.00328827 -0.00365605 -0.00265141 -0.000406829 0.00363681 -0.000831999 0.00230207 -0.00445352 -0.00301464
internal_weight=4124 3986 3838 1411 1362 374 2427 1074 988 94 894 330 1353 1003
internal_count=3784 3714 3638 1304 1261 321 2334 1027 940 83 857 290 1307 964
is_linear=0
shrinkage=0.05


Tree=29
num_leaves=15
num_cat=0
split_feature=85 91 96 54 47 83 146 24 96 100 173 97 101 74
split_gain=69.6682 10.5705 6.69906 4.25276 2.16354 2.96707 1.4192 1.10847 1.16488 1.02639 1.45329 1.0002 0.749853 0.673646
threshold=1.9700000000000002 0.40000000000000019 0.41000000000000009 -0.014999999999999956 0.35500000000000004 0.2235735538957124 54.050000000000004 14.697839877657255 0.67750000000000032 0.24312500000000001 0.80601902376234624 0.15862954191170262 0.066389141463835857 0.19999999999999998
decision_type=10 10 2 2 2 2 10 2 2 2 2 10 2 2
left_child=1 2 9 -2 6 7 11 8 -6 -1 13 -4 -8 -11
right_child=3 -3 4 -5 5 -7 12 -9 -10 10 -12 -13 -14 -15
leaf_value=-0.0041175613173335375 0.023239863826071516 0.0226650084886286 2.6064902461288248e-05 0.039010331537141361 0.0030542553654023716 0.013584748140813127 0.0022659484717341793 0.0055828070406991467 -0.0076840838356672424 -0.0029401351421322695 0.00585083116861907 -0.0049874649402357014 0.01050863977261754 0.0014300612229093607
leaf_weight=1458 85 45 890 86 56 74 77 102 46 880 55 112 43 98
leaf_count=1405 45 27 856 44 49 51 60 68 32 842 48 108 32 89
internal_value=-7.19114e-05 -0.00142927 -0.00170793 0.0311712 0.00105946 0.00500823 8.10617e-05 0.00189714 -0.00178853 -0.00326326 -0.00205748 -0.00053433 0.00521958 -0.00250222
internal_weight=4107 3936 3891 171 1400 278 1122 204 102 2491 1033 1002 120 978
internal_count=3756 3667 3640 89 1256 200 1056 149 81 2384 979 964 92 931
is_linear=0
shrinkage=0.05


Tree=30
num_leaves=15
num_cat=0
split_feature=47 86 88 47 83 146 93 58 21 72 98 92 7 136
split_gain=62.5661 18.7366 6.03316 2.53058 1.91531 1.26503 1.10408 1.01307 0.896798 1.46117 0.774327 0.573545 0.557608 0.744266
threshold=1.9750000000000003 4.9500000000000011 0.36500000000000005 0.39500000000000007 0.23946705468800469 54.350000000000001 -0.059999999999999977 0.11532562594661393 125.08333333333336 3.8050000000000002 0.49541666666666678 -0.33499999999999996 -0.59382018557350158 0.057916666666666672
decision_type=2 10 10 2 2 10 10 2 2 2 2 10 2 8
left_child=1 2 8 5 7 6 11 -5 -1 -10 -8 -4 13 -12
right_child=-2 -3 3 4 -6 -7 10 -9 9 -11 12 -13 -14 -15
leaf_value=-0.0035671411905615 0.030969483475050619 0.031414785877216696 -0.0085345951384968224 0.0062721092620068378 0.012694195033624196 0.0057624744311681984 -0.0012320767291735537 -0.0012796531558235396 -0.005218333750812201 0.0060066589780035434 0.0094194327073637407 -0.0023771902670561167 0.00052524569327943031 0.0016855287460519166
leaf_weight=2268 155 43 45 93 65 83 467 85 53 64 47 237 330 92
leaf_count=2179 73 22 43 67 43 61 453 67 49 54 31 232 321 90
internal_value=-0.000195079 -0.00141122 -0.00177047 0.000664654 0.00534839 -0.000210171 -0.000617174 0.00266593 -0.00334693 0.000921833 0.000209117 -0.00335975 0.00164416 0.00430059
internal_weight=4127 3972 3929 1544 243 1301 1218 178 2385 117 936 282 469 139
internal_count=3785 3712 3690 1408 177 1231 1170 134 2282 103 895 275 442 121
is_linear=0
shrinkage=0.05


Tree=31
num_leaves=15
num_cat=0
split_feature=85 47 88 172 47 93 52 77 58 166 64 114 26 89
split_gain=57.2998 14.0612 3.90306 1.51855 1.22115 0.950578 1.0299 0.797434 0.777358 0.564174 0.559991 0.5432 0.451541 0.394981
threshold=2.2950000000000004 1.9750000000000003 0.30500000000000005 48.475000000000001 0.91500000000000015 0.12500000000000008 0.12500000000000003 0.098149545762256471 0.13012814197295414 47.750000000000007 0.28801634902282153 1.0000000180025095e-35 24.624038011577188 0.56500000000000006
decision_type=10 2 10 2 2 10 2 2 2 2 2 8 2 10
left_child=1 2 8 4 5 6 9 12 10 13 -1 -5 -7 -4
right_child=-2 -3 3 11 -6 7 -8 -9 -10 -11 -12 -13 -14 -15
leaf_value=-0.0036093166629573743 0.032211021126340361 0.021665199719942532 -0.0011737160148097645 0.0022517006830423186 0.0054228552505863753 -0.002750014291758327 -0.0033994449770283711 0.0083029070083284751 0.0018584388937853591 0.0044278631131818291 0.0014627386061225221 0.0085113803133905191 0.0040906210757222852 0.0012800678734883394
leaf_weight=1928 131 65 820 84 82 52 394 48 71 57 56 59 45 205
leaf_count=1859 68 30 794 61 47 44 382 40 60 51 52 37 36 196
internal_value=-0.000324247 -0.00139891 -0.00178321 -0.000114529 -0.000530085 -0.000831221 -0.00121072 0.00303184 -0.00328219 -0.00041372 -0.00346615 0.00483437 0.000423476 -0.000682959
internal_weight=4097 3966 3901 1846 1703 1621 1476 145 2055 1082 1984 143 97 1025
internal_count=3757 3689 3659 1688 1590 1543 1423 120 1971 1041 1911 98 80 990
is_linear=0
shrinkage=0.05


Tree=32
num_leaves=15
num_cat=0
split_feature=47 86 88 47 93 74 54 146 23 52 146 146 94 55
split_gain=54.7851 14.0963 4.24551 2.28582 1.34339 0.968594 0.848474 0.747157 0.902803 0.68778 0.772066 0.441932 0.336021 0.291046
threshold=1.9750000000000003 2.8950000000000005 0.30500000000000005 0.91500000000000015 0.034999999999999983 -0.17999999999999991 0.070000000000000048 54.050000000000004 74.958333333333343 0.085000000000000006 54.350000000000001 44.050000000000004 0.52500000000000024 -0.024999999999999991
decision_type=2 8 10 2 10 2 2 10 2 2 10 10 10 2
left_child=1 2 6 4 9 -6 11 8 13 10 12 -1 -4 -7
right_child=-2 -3 3 -5 5 7 -8 -9 -10 -11 -12 -13 -14 -15
leaf_value=0.00079894680295124535 0.029048120014129149 0.02755831236995402 -0.0011998815503618757 0.0080159894529391422 0.0076397985762277909 -0.0043141023265015266 0.0018675512356833082 0.0067055150114286415 0.0066727169260443397 -0.0025400306207026191 0.0063524297035169293 -0.0034910515763073875 0.00092394218600450355 -9.723372817118788e-05
leaf_weight=62 155 42 577 88 69 51 81 52 46 474 43 1891 275 207
leaf_count=59 74 23 558 50 54 43 69 37 38 458 30 1817 260 193
internal_value=-0.000112301 -0.00125426 -0.00156328 0.000148231 -0.000237701 0.00221796 -0.00314689 0.00116709 0.000219732 -0.00100005 -0.000184462 -0.00335486 -0.000514375 -0.000930801
internal_weight=4113 3958 3916 1882 1794 425 2034 356 304 1369 895 1953 852 258
internal_count=3763 3689 3666 1721 1671 365 1945 311 274 1306 848 1876 818 236
is_linear=0
shrinkage=0.05


Tree=33
num_leaves=15
num_cat=0
split_feature=85 91 138 85 163 91 87 55 97 94 89 85 51 91
split_gain=61.0696 8.41387 5.90129 3.42342 1.10029 1.02427 1.03133 0.913845 0.600577 0.599545 0.827485 0.529946 0.51504 0.481914
threshold=1.9700000000000002 0.40000000000000019 0.057152777777777788 0.37500000000000006 48.550000000000004 -0.20500000000000004 0.9850000000000001 0.20500000000000004 0.22796198091435335 0.58166666666666689 0.51500000000000012 0.19500000000000003 0.34500000000000003 -0.034999999999999969
decision_type=10 10 10 10 2 8 10 2 10 10 10 10 2 10
left_child=1 3 -2 7 5 -5 8 11 9 -7 -11 -1 -12 -13
right_child=2 -3 -4 4 -6 6 -8 -9 -10 10 12 13 -14 -15
leaf_value=-0.0039221989866699229 0.020558047167411664 0.020531853862366705 0.039706607012054591 -0.0072724790982902051 0.0047063851271007887 -0.00078687546962946393 0.005969548274288832 0.0041679933398134179 -0.0059159100349263655 0.0062802160332227552 0.0013687354931390552 -0.0065278615830327152 -0.004446551778465104 -0.0021795387782580968
leaf_weight=966 82 43 79 50 122 881 69 45 46 76 221 67 46 1301
leaf_count=936 45 26 40 44 83 845 45 35 40 59 215 65 40 1253
internal_value=-0.000228737 -0.00146428 0.0299539 -0.00170743 0.000153759 -0.000246111 1.62623e-05 -0.00288955 -0.000307184 -9.63985e-05 0.0016771 -0.00302562 0.000366851 -0.0023925
internal_weight=4094 3933 161 3890 1511 1389 1339 2379 1270 1224 343 2334 267 1368
internal_count=3771 3686 85 3660 1371 1288 1244 2289 1199 1159 314 2254 255 1318
is_linear=0
shrinkage=0.05


Tree=34
num_leaves=15
num_cat=0
split_feature=85 92 88 48 92 146 67 97 20 48 85 92 56 165
split_gain=63.0566 9.08605 4.60896 1.98729 0.980099 0.954941 0.883111 0.656794 0.598994 2.11504 0.526505 0.41403 0.42754 0.405219
threshold=2.2950000000000004 0.56500000000000017 0.36500000000000005 1.0100000000000002 0.10000000000000001 54.350000000000001 3.6150000000000007 0.36280558525467271 12.948514040716935 0.17500000000000002 0.58500000000000008 -0.050000000000000024 0.074999999999999997 44.550000000000004
decision_type=10 10 10 2 10 10 2 10 2 2 10 10 2 2
left_child=1 2 8 4 5 7 -6 10 -1 -10 11 -4 -13 -12
right_child=-2 -3 3 -5 6 -7 -8 -9 9 -11 13 12 -14 -15
leaf_value=-0.0030322389767956596 0.033168720829186683 0.01873647339658387 -0.0032356346977486026 0.008139140183257676 0.0095182797366331496 0.0051948747594795404 0.00030166729799627017 -0.0051900574186844618 -0.002816084149902775 0.0075798496287578961 0.0057200383481697424 -0.0005860476753042778 0.0041541690652843058 0.00086043708883355274
leaf_weight=2117 139 57 139 86 53 82 51 67 232 62 51 707 51 270
leaf_count=2046 70 33 134 47 39 57 45 59 213 45 40 686 46 253
internal_value=5.90009e-05 -0.00108442 -0.00136914 0.000751368 0.000319452 -3.65329e-05 0.00499859 -0.000370366 -0.00273854 -0.000623744 -0.000105243 -0.00072712 -0.000267115 0.00163252
internal_weight=4164 4025 3968 1557 1471 1367 104 1285 2411 294 1218 897 758 321
internal_count=3813 3743 3710 1406 1359 1275 84 1218 2304 258 1159 866 732 293
is_linear=0
shrinkage=0.05


Tree=35
num_leaves=15
num_cat=0
split_feature=85 47 85 166 12 91 93 79 70 100 153 47 60 93
split_gain=55.3084 9.29411 3.27939 1.2745 1.31461 1.05731 0.8278 1.21167 0.706978 0.823074 0.452886 0.447248 1.28029 0.421672
threshold=2.0500000000000003 1.9750000000000003 0.31500000000000006 48.150000000000013 41.500000000000007 -0.26999999999999974 0.055 0.19721357727837255 3.8050000000000002 0.49270833333333336 50.375000000000007 0.17500000000000002 0.10705782642043261 0.26500000000000007
decision_type=10 2 10 2 2 8 10 2 2 2 2 2 2 10
left_child=1 2 11 5 -5 -4 -7 8 10 -10 13 -1 -13 -8
right_child=-2 -3 3 4 -6 6 7 -9 9 -11 -12 12 -14 -15
leaf_value=-0.0030003736384985194 0.031436001875058371 0.018422166729966799 -0.008084392647391983 0.00095595514686615431 0.010266331929791098 -0.00065919155953829975 -0.00060533301799964377 0.0092970593613281374 8.9275199206895203e-05 0.0084711966846414185 0.0033445502496841882 -0.0023556104275233129 0.0073351739474186084 -0.0065444211583844452
leaf_weight=1875 135 60 42 103 60 1232 98 50 64 54 45 202 41 43
leaf_count=1810 70 27 37 78 41 1190 86 42 56 37 33 191 34 37
internal_value=-3.6804e-05 -0.00110731 -0.00140707 0.000167816 0.00438309 -0.000254229 -4.68731e-05 0.00208413 0.000897797 0.00392507 -0.00102273 -0.00273881 -0.00072054 -0.00241654
internal_weight=4104 3969 3909 1791 163 1628 1586 354 304 118 186 2118 243 141
internal_count=3769 3699 3672 1637 119 1518 1481 291 249 93 156 2035 225 123
is_linear=0
shrinkage=0.05


Tree=36
num_leaves=15
num_cat=0
split_feature=94 56 91 94 9 91 170 48 160 90 91 14 63 164
split_gain=39.4633 7.85042 6.30844 3.71007 1.17772 1.32861 1.20727 2.03124 0.84056 0.568707 0.563226 1.03804 0.505114 0.496984
threshold=1.9600000000000002 -0.084999999999999909 0.40000000000000019 0.435 216.50000000000003 -0.25499999999999989 47.683333333333344 0.40500000000000008 42.350000000000001 0.19500000000000003 0.0099999999999999273 84.500000000000014 0.1104166666666667 48.45000000000001
decision_type=10 2 10 10 2 8 2 2 2 8 10 2 2 2
left_child=2 -2 3 9 5 -5 8 13 -7 -1 -11 -12 -10 -8
right_child=1 -3 -4 4 -6 6 7 -9 12 10 11 -13 -14 -15
leaf_value=-0.0033607966217104879 0.012508538898287548 0.035070507527968607 0.017484857779345477 -0.0078227107413113128 0.0090279268663983024 0.0066714602559705839 -0.0017195259052356566 0.013008362286285879 0.00067526062486565944 -0.0024257021665737696 -0.0011542132453717885 0.006744825328528152 -0.0018170591591542191 0.0038023330235423952
leaf_weight=979 72 83 45 45 43 47 67 51 587 1192 434 46 311 104
leaf_count=942 39 45 28 39 23 40 66 29 565 1153 412 37 281 72
internal_value=-0.000158151 0.0245901 -0.00112904 -0.00134349 0.000896152 0.000607649 0.000932727 0.00425072 0.000153261 -0.00240374 -0.00184336 -0.000397222 -0.000187892 0.0016388
internal_weight=4106 155 3951 3906 1255 1212 1167 222 945 2651 1672 480 898 171
internal_count=3771 84 3687 3659 1115 1092 1053 167 886 2544 1602 449 846 138
is_linear=0
shrinkage=0.05


Tree=37
num_leaves=15
num_cat=0
split_feature=85 47 86 54 47 128 92 74 93 175 98 62 7 87
split_gain=53.2462 8.45705 2.48793 0.939903 1.5787 1.38893 0.885682 0.746596 1.67746 0.590402 0.492758 0.441192 0.40494 0.382643
threshold=2.0500000000000003 1.5100000000000002 0.42500000000000004 -0.10999999999999992 0.35500000000000004 0.055000000000000007 -0.30499999999999994 0.16250000000000012 0.020000000000000014 0.71411617957676932 0.49541666666666678 0.3536275907663135 -0.95490457829871789 0.15500000000000003
decision_type=10 2 10 2 2 10 8 2 10 2 2 2 2 10
left_child=1 2 7 -4 6 11 -5 13 9 -9 -8 -6 -12 -1
right_child=-2 -3 3 4 5 -7 10 8 -10 -11 12 -13 -14 -15
leaf_value=-0.0038293262688189889 0.029701645323867293 0.015141797391697765 -0.0042702079373513066 -0.0066419425234198574 -0.0009158138604357975 0.011488239435368357 -0.00098889571598045076 -0.0030775143841612132 0.0075314701735248587 0.0029228074901148609 0.00535058508295629 0.0056022015855984493 0.00097962401239678576 -0.0021503985003347497
leaf_weight=412 147 80 92 45 58 61 333 181 62 53 59 47 520 1925
leaf_count=399 75 40 77 43 52 44 322 175 53 49 48 36 485 1845
internal_value=0.000157086 -0.000948579 -0.0012831 0.000588485 0.000986526 0.00548776 0.000205746 -0.00214674 0.00021902 -0.00171847 0.000543626 0.00200177 0.00142502 -0.00244638
internal_weight=4075 3928 3848 1215 1123 166 957 2633 296 234 912 105 579 2337
internal_count=3743 3668 3628 1107 1030 132 898 2521 277 224 855 88 533 2244
is_linear=0
shrinkage=0.05


Tree=38
num_leaves=15
num_cat=0
split_feature=85 47 85 66 91 161 11 64 24 90 93 54 94 18
split_gain=49.398 11.5306 2.53726 1.64691 1.30178 1.4397 2.30212 1.02079 1.78555 0.633509 0.644013 0.694509 0.583054 0.406058
threshold=2.2950000000000004 1.9750000000000003 0.31500000000000006 3.1150000000000007 -0.25499999999999989 47.650000000000013 41.500000000000007 0.25870461452042526 9.5892906358886716 0.27500000000000008 0.12000000000000002 0.0099999999999999985 0.59833333333333349 91.500000000000014
decision_type=10 2 10 2 8 2 2 2 2 10 10 2 10 2
left_child=1 2 7 -4 -5 9 12 13 -9 -6 -11 -12 -7 -1
right_child=-2 -3 3 4 5 6 -8 8 -10 10 11 -13 -14 -15
leaf_value=-0.0026601936211970234 0.029755907381687614 0.01978874564059635 0.0091847253628075127 -0.0078110178536287727 -0.0038910832230855405 -0.0025647906443654477 0.010203535452125255 -0.0029358379478598463 0.010795889062574135 -0.00048363283506428856 0.00014007994891418254 0.0071660760295344517 0.0030287418335016511 0.0023674045887806957
leaf_weight=1963 137 67 50 52 120 88 88 58 40 1180 85 60 99 41
leaf_count=1900 69 31 40 45 111 82 56 57 33 1142 71 44 76 29
internal_value=0.000234602 -0.000778782 -0.00112996 0.00023566 -1.68529e-05 0.000218785 0.00353475 -0.00231367 0.00266895 -0.000412281 -9.72192e-05 0.00304739 0.000396491 -0.00255733
internal_weight=4128 3991 3924 1822 1772 1720 275 2102 98 1445 1325 145 187 2004
internal_count=3786 3717 3686 1667 1627 1582 214 2019 90 1368 1257 115 158 1929
is_linear=0
shrinkage=0.05


Tree=39
num_leaves=15
num_cat=0
split_feature=85 47 88 91 61 166 13 91 89 79 53 81 61 150
split_gain=47.5034 8.18606 2.33597 0.864917 1.3896 0.77443 0.865927 0.666868 0.601329 0.854807 1.3782 0.577182 1.87217 0.482331
threshold=2.2950000000000004 2.1200000000000006 0.36500000000000005 -0.099999999999999908 1.2220833333333336 48.050000000000004 39.500000000000007 -0.039999999999999987 0.19500000000000003 0.14514360704717927 0.17500000000000002 0.098985374910337084 0.32916666666666666 -0.64999999999999847
decision_type=10 2 10 10 2 2 2 10 8 2 2 2 2 8
left_child=1 2 7 -4 5 11 -7 -1 -9 -10 13 12 -5 -11
right_child=-2 -3 3 4 -6 6 -8 8 9 10 -12 -13 -14 -15
leaf_value=-0.0061353815524713496 0.030973157651411995 0.018193381144241853 -0.0042558064451441169 7.3779624893908198e-05 0.0091491187983394964 0.00067856124800849053 0.0087301921188323341 -0.0030165929369842361 -0.001837275035953475 0.0038867754129147747 0.010085357697535074 -0.0013230214700596687 0.0093033882762150223 -0.0027159962602480154
leaf_weight=104 120 55 98 652 46 85 55 927 1157 41 40 534 60 85
leaf_count=100 62 25 86 624 30 69 37 897 1111 35 33 506 47 84
internal_value=-1.71023e-05 -0.000961208 -0.00123245 0.000288525 0.000599519 0.000315767 0.0038417 -0.00222102 -0.00204009 -0.00135587 0.00199947 -8.0406e-05 0.000851556 -0.000567475
internal_weight=4059 3939 3884 1530 1432 1386 140 2354 2250 1323 166 1246 712 126
internal_count=3746 3684 3659 1399 1313 1283 106 2260 2160 1263 152 1177 671 119
is_linear=0
shrinkage=0.05


Tree=40
num_leaves=15
num_cat=0
split_feature=85 91 88 91 101 18 91 90 85 100 18 74 175 100
split_gain=44.2406 4.87472 2.01994 1.40573 2.3703 0.792939 0.712231 0.614272 0.656382 0.593824 0.573188 0.640562 1.51086 0.546471
threshold=2.2950000000000004 0.42500000000000004 0.43500000000000005 -0.20500000000000004 1.2479110654646492 127.00000000000001 -0.069999999999999979 0.24500000000000002 0.36500000000000005 0.24312500000000001 -37.499999999999993 0.19999999999999998 0.5533301291996271 0.98270833333333341
decision_type=10 10 10 10 2 2 10 10 10 2 2 2 2 2
left_child=1 2 5 -4 7 6 -1 -5 -9 -8 -11 -12 -13 -10
right_child=-2 -3 3 4 -6 -7 9 8 13 10 11 12 -14 -15
leaf_value=-0.0067693313982869902 0.028026276311086753 0.016392238977714441 -0.0079755978421010877 0.0055289795384371905 0.011387177256099177 0.0049760355818562396 -0.0025635229755196966 -0.0044008204607913892 0.00070393264423952284 0.0039949226175883309 -0.0016931812239555023 -0.002586266105572577 0.009370112404382477 -0.004707388614532443
leaf_weight=77 136 40 47 55 51 41 1437 75 975 54 968 64 45 49
leaf_count=75 71 26 41 47 33 19 1388 73 889 46 939 62 38 37
internal_value=-1.58684e-05 -0.000974574 -0.00115098 0.000507666 0.000838548 -0.0019241 -0.00203106 0.000372361 0.000114295 -0.00188899 -0.00103195 -0.001284 0.00234985 0.000444992
internal_weight=4114 3978 3938 1252 1205 2686 2645 1154 1099 2568 1131 1077 109 1024
internal_count=3784 3713 3687 1120 1079 2567 2548 1046 999 2473 1085 1039 100 926
is_linear=0
shrinkage=0.05


Tree=41
num_leaves=15
num_cat=0
split_feature=85 47 91 94 48 162 54 91 92 171 51 51 85 16
split_gain=48.9094 14.3521 2.08293 1.94937 1.18154 0.752616 0.745001 0.668894 0.619483 0.539933 0.496763 0.580702 0.335704 0.300168
threshold=3.2700000000000005 1.9750000000000003 -0.29999999999999988 0.26333333333333347 0.91500000000000015 48.550000000000004 0.1949999999999999 -0.019999999999999931 0.21000000000000002 0.11547005382818064 0.40500000000000008 0.31500000000000006 0.48500000000000004 44.000000000000007
decision_type=10 2 8 10 2 2 2 10 10 2 2 2 10 2
left_child=1 2 -1 13 5 6 7 -5 10 -7 11 12 -9 -4
right_child=-2 -3 3 4 -6 9 -8 8 -10 -11 -12 -13 -14 -15
leaf_value=-0.011881962018510835 0.033954228061650486 0.018912855442613365 -0.0022857082047454211 -0.0027178952994233539 0.0056703904053817195 0.0060738705997862739 0.0053814583132922094 -0.00085419968813145236 0.0054533823086146986 0.0003754338975524886 -0.0039774900426467258 0.0057925394282938216 0.00083686958797530285 0.0019440344556473023
leaf_weight=44 105 92 1709 318 90 78 53 929 47 89 90 40 429 43
leaf_count=38 52 43 1668 307 54 50 38 890 40 70 86 37 417 21
internal_value=0.000263144 -0.000610113 -0.00106379 -0.000942208 6.19229e-05 -0.000181571 -0.000463574 -0.000630755 -0.00019837 0.00303698 -0.000376886 -0.000145088 -0.000319981 -0.0021819
internal_weight=4156 4051 3959 3915 2163 2073 1906 1853 1535 167 1488 1398 1358 1752
internal_count=3811 3759 3716 3678 1989 1935 1815 1777 1470 120 1430 1344 1307 1689
is_linear=0
shrinkage=0.05


Tree=42
num_leaves=15
num_cat=0
split_feature=85 91 53 85 91 60 59 59 58 85 56 87 98 7
split_gain=42.2399 8.75713 1.76905 1.22759 1.62322 1.20124 1.65919 0.953859 0.879935 0.868207 0.557974 0.520005 0.43167 0.336289
threshold=2.8950000000000005 0.41000000000000003 2.8350000000000004 0.24500000000000002 -0.039999999999999945 0.11083018413348161 0.32916666666666672 0.95666666666666678 0.17214335111563475 1.2450000000000003 0.14499999999999999 0.46500000000000002 0.79583333333333328 -0.97424614976117807
decision_type=10 10 2 10 10 2 2 2 2 10 2 10 2 2
left_child=1 2 3 10 9 11 -7 8 -8 12 -1 -6 -5 -13
right_child=-2 -3 -4 4 5 6 7 -9 -10 -11 -12 13 -14 -15
leaf_value=-0.0023690394278330215 0.0311019517829485 0.020950188748437265 0.0082565861952710231 -0.0037807374102242553 -0.0010889573858025607 0.0094060979040442409 0.0013223077596630902 0.005073897620567527 -0.0074614116246305888 -0.01017772174103463 0.0032813261801169983 0.0045427565150580806 0.0017350452930920504 0.00036409882553114305
leaf_weight=1503 107 46 51 183 1036 77 75 78 46 47 45 52 44 650
leaf_count=1462 55 28 35 174 997 64 67 45 36 34 39 43 37 604
internal_value=0.000105574 -0.000737704 -0.000994365 -0.00111736 -0.000381633 0.000109588 0.00317385 0.000762373 -0.00201696 -0.00399228 -0.00220478 -0.000377027 -0.0027116 0.000673629
internal_weight=4040 3933 3887 3836 2288 2014 276 199 121 274 1548 1738 227 702
internal_count=3720 3665 3637 3602 2101 1856 212 148 103 245 1501 1644 211 647
is_linear=0
shrinkage=0.05


Tree=43
num_leaves=15
num_cat=0
split_feature=85 91 88 90 57 18 59 85 85 7 60 91 74 24
split_gain=41.9986 12.7054 1.95145 1.45265 0.922534 0.714888 0.579346 0.551259 0.442352 0.371134 0.361097 0.366081 0.53857 1.18006
threshold=2.2950000000000004 0.42500000000000004 0.43500000000000005 0.22500000000000003 1.4016666666666675 111.00000000000001 0.43166666666666675 0.33500000000000008 0.17500000000000002 -0.98813934156326522 0.16322266472721245 -0.02999999999999994 0.24000000000000002 9.4512238173112664
decision_type=10 10 10 10 2 2 2 10 10 2 2 10 2 2
left_child=1 2 5 -4 7 6 8 -5 -1 -9 11 -10 -13 -14
right_child=-2 -3 3 4 -6 -7 -8 9 10 -11 -12 12 13 -15
leaf_value=-0.0027438159514665108 0.02791735568693034 0.026390447160012501 0.0087407905454542582 -0.0043773070690152583 0.0062388834898315726 0.0045032156808504269 -0.006207725271168682 0.0043778377644418968 -0.0038419074362394871 8.3133310779000846e-05 0.0026137475313715124 -0.0014087387711067983 -0.0021487511463106033 0.0090145109276636506
leaf_weight=694 133 43 54 67 63 46 72 53 141 989 58 1630 58 40
leaf_count=670 67 24 40 62 37 24 66 44 133 910 50 1581 57 35
internal_value=0.00027515 -0.000642119 -0.000935284 0.000722689 0.000353255 -0.00167741 -0.00178298 1.89041e-05 -0.00166143 0.000301578 -0.00127162 -0.00139219 -0.0011923 0.00240768
internal_weight=4141 4008 3965 1226 1172 2739 2693 1109 2621 1042 1927 1869 1728 98
internal_count=3800 3733 3709 1093 1053 2616 2592 1016 2526 954 1856 1806 1673 92
is_linear=0
shrinkage=0.05


Tree=44
num_leaves=15
num_cat=0
split_feature=94 91 94 70 91 60 70 52 100 91 6 59 93 90
split_gain=43.4603 7.94233 1.94852 2.12299 1.13819 1.11429 0.713046 0.671667 0.579954 0.512163 1.02665 0.490874 0.477989 0.363527
threshold=2.2983333333333338 0.48500000000000004 0.52166666666666683 3.4450000000000007 -0.20500000000000004 0.73118212017007844 3.8450000000000002 0.20500000000000004 0.25479166666666669 0.040000000000000029 -0.074677835189816674 0.2091666666666667 0.13499999999999998 0.24500000000000002
decision_type=10 10 10 2 8 2 2 2 2 10 2 2 10 10
left_child=1 2 6 -4 -5 7 8 12 -1 11 -11 13 -6 -10
right_child=-2 -3 3 4 5 -7 -8 -9 9 10 -12 -13 -14 -15
leaf_value=-0.002121983737217266 0.027238953089874163 0.020824473307922829 0.0081255672618071994 -0.0066840164254804574 0.00058510937766747628 0.0075546293401048854 0.0050410159213771658 -0.0030601368359478736 0.003036043495353974 0.006384308678431861 -0.0032873434969983269 -0.0031881318826492326 0.0054405762443664194 -0.00081285997437676317
leaf_weight=1544 146 43 103 52 402 59 43 116 65 68 46 217 58 1092
leaf_count=1490 76 24 78 43 364 36 39 95 55 56 41 213 47 1053
internal_value=0.000454965 -0.000545665 -0.000783418 0.00143149 0.000427869 0.00101026 -0.00135245 0.000339916 -0.00144312 -0.000738716 0.00248171 -0.00100591 0.00119732 -0.000596629
internal_weight=4054 3908 3865 790 687 635 3075 576 3032 1488 114 1374 460 1157
internal_count=3710 3634 3610 663 585 542 2947 506 2908 1418 97 1321 411 1108
is_linear=0
shrinkage=0.05


Tree=45
num_leaves=15
num_cat=0
split_feature=85 47 86 91 20 77 87 146 7 88 64 52 52 18
split_gain=41.4082 7.16107 1.15766 1.01014 0.655663 2.19755 0.474441 0.747464 0.39287 0.705372 0.455521 0.403512 0.325022 0.316781
threshold=2.2950000000000004 1.9750000000000003 0.27500000000000008 -0.034999999999999969 12.948514040716935 0.092376043070356809 0.7350000000000001 53.410000000000004 -0.95490457829871789 0.48500000000000004 0.10413679530428617 0.16500000000000004 0.075000000000000025 -2.4999999999999996
decision_type=10 2 10 10 2 2 10 10 2 10 2 2 2 2
left_child=1 2 -1 13 6 12 8 -8 9 -5 11 -10 -6 -4
right_child=-2 -3 3 4 5 -7 7 -9 10 -11 -12 -13 -14 -15
leaf_value=-0.0018025938178260978 0.027402118531137928 0.018146358743309977 -0.0045852068712702023 -0.00058805392369462291 -0.0011376502599260081 0.012767566452384927 -0.00014993973777235783 0.0068788756314109292 -0.00021015346097758727 0.0070667773439708984 -0.0021207149138225598 0.0048018165039441863 0.0037544844744843431 -0.0011506823974466601
leaf_weight=1855 136 50 140 78 116 45 97 62 916 49 340 42 48 129
leaf_count=1783 69 22 128 76 108 29 75 37 886 39 323 38 32 120
internal_value=0.000273726 -0.000656312 -0.000896326 -8.10359e-05 0.000347613 0.00297985 3.04716e-07 0.00259086 -0.000288746 0.00236538 -0.000548434 9.578e-06 0.000294194 -0.00293817
internal_weight=4103 3967 3917 2062 1793 209 1584 159 1425 127 1298 958 164 269
internal_count=3765 3696 3674 1891 1643 169 1474 112 1362 115 1247 924 140 248
is_linear=0
shrinkage=0.05


end of trees

feature_importances:
treated_ntu_lag1=114
treated_ntu_change1=61
filtered_ntu=57
treated_ntu_rollmean3=24
filtered_ntu_change1=20
treated_ntu_rollmean6=17
treated_ntu_rollmean24=14
raw_water_flow_lag12=14
treated_ntu_lag2=13
filtered_ntu_rollstd24=12
filtered_ntu_change6=11
treated_ntu_lag6=11
treated_ntu_change6=11
raw_water_ntu_rollstd12=10
filtered_ntu_change3=10
treated_ntu_change3=10
treated_ntu_rollstd24=10
filtered_ntu_lag12=9
clear_well_level_change3=9
treated_ntu_lag24=9
treated_ntu_rollmean12=8
week_cos=7
raw_water_ntu_change6=7
filtered_ntu_lag1=7
treated_water_flow_rollstd6=7
raw_water_ntu_rollmean6=6
filtered_ntu_rollstd3=5
filtered_ntu_rollmean6=5
treated_ntu_lag3=5
treated_water_flow_lag1=5
treated_water_flow_rollmean3=5
raw_water_ntu_rollstd24=4
filtered_ntu_lag6=4
filtered_ntu_rollstd6=4
clear_well_level_lag6=4
clear_well_level_rollstd6=4
treated_ntu_lag12=4
treated_ntu_rollstd6=4
treated_water_flow_lag2=4
raw_water_ntu=3
raw_water_ntu_lag6=3
raw_water_ntu_lag12=3
raw_water_ntu_change3=3
filtered_ntu_rollmean12=3
clear_well_level_rollmean12=3
clear_well_level_rollstd24=3
treated_water_flow_lag24=3
treated_water_flow_rollmean6=3
month=2
week_sin=2
raw_water_ntu_lag3=2
raw_water_ntu_change1=2
raw_water_ntu_rollstd3=2
filtered_ntu_lag3=2
filtered_ntu_lag24=2
filtered_ntu_rollmean3=2
filtered_ntu_rollstd12=2
filtered_ntu_rollmean24=2
clear_well_level=2
clear_well_level_lag1=2
clear_well_level_lag24=2
clear_well_level_rollstd3=2
clear_well_level_rollstd12=2
treated_ntu_rollstd3=2
alum_dosage_rollmean12=2
alum_dosage_rollmean24=2
raw_water_flow=2
raw_water_flow_rollstd6=2
raw_water_flow_rollmean12=2
treated_water_flow_lag12=2
treated_water_flow_rollmean12=2
treated_water_flow_rollstd12=2
treated_water_flow_rollstd24=2
is_rainy_season=1
raw_water_ntu_lag1=1
raw_water_ntu_lag2=1
raw_water_ntu_rollmean12=1
clear_well_level_lag3=1
treated_ntu_rollstd12=1
alum_feed_rate_rollstd3=1
alum_dosage_lag1=1
alum_dosage_lag24=1
alum_dosage_rollstd12=1
alum_dosage_rollstd24=1
raw_water_flow_change6=1
raw_water_flow_rollmean3=1
raw_water_flow_rollstd3=1
raw_water_flow_rollmean6=1
raw_water_flow_rollstd12=1
raw_water_flow_rollmean24=1
treated_water_flow=1
treated_water_flow_lag3=1
treated_water_flow_lag6=1
treated_water_flow_rollstd3=1
treated_water_flow_rollmean24=1

parameters:
[boosting: gbdt]
[objective: huber]
[metric: huber]
[tree_learner: serial]
[device_type: cpu]
[data_sample_strategy: bagging]
[data: ]
[valid: ]
[num_iterations: 46]
[learning_rate: 0.05]
[num_leaves: 15]
[num_threads: 1]
[seed: 2026]
[deterministic: 1]
[force_col_wise: 1]
[force_row_wise: 0]
[histogram_pool_size: -1]
[max_depth: -1]
[min_data_in_leaf: 40]
[min_sum_hessian_in_leaf: 0.001]
[bagging_fraction: 0.8]
[pos_bagging_fraction: 1]
[neg_bagging_fraction: 1]
[bagging_freq: 1]
[bagging_seed: 26038]
[bagging_by_query: 0]
[feature_fraction: 0.8]
[feature_fraction_bynode: 1]
[feature_fraction_seed: 28694]
[extra_trees: 0]
[extra_seed: 4728]
[early_stopping_round: 0]
[early_stopping_min_delta: 0]
[first_metric_only: 0]
[max_delta_step: 0]
[lambda_l1: 0]
[lambda_l2: 0]
[linear_lambda: 0]
[min_gain_to_split: 0]
[drop_rate: 0.1]
[max_drop: 50]
[skip_drop: 0.5]
[xgboost_dart_mode: 0]
[uniform_drop: 0]
[drop_seed: 5409]
[top_rate: 0.2]
[other_rate: 0.1]
[min_data_per_group: 100]
[max_cat_threshold: 32]
[cat_l2: 10]
[cat_smooth: 10]
[max_cat_to_onehot: 4]
[top_k: 20]
[monotone_constraints: ]
[monotone_constraints_method: basic]
[monotone_penalty: 0]
[feature_contri: ]
[forcedsplits_filename: ]
[refit_decay_rate: 0.9]
[cegb_tradeoff: 1]
[cegb_penalty_split: 0]
[cegb_penalty_feature_lazy: ]
[cegb_penalty_feature_coupled: ]
[path_smooth: 0]
[interaction_constraints: ]
[verbosity: -1]
[saved_feature_importance_type: 0]
[use_quantized_grad: 0]
[num_grad_quant_bins: 4]
[quant_train_renew_leaf: 0]
[stochastic_rounding: 1]
[linear_tree: 0]
[max_bin: 255]
[max_bin_by_feature: ]
[min_data_in_bin: 3]
[bin_construct_sample_cnt: 200000]
[data_random_seed: 6654]
[is_enable_sparse: 1]
[enable_bundle: 1]
[use_missing: 1]
[zero_as_missing: 0]
[feature_pre_filter: 1]
[pre_partition: 0]
[two_round: 0]
[header: 0]
[label_column: ]
[weight_column: ]
[group_column: ]
[ignore_column: ]
[categorical_feature: ]
[forcedbins_filename: ]
[precise_float_parser: 0]
[parser_config_file: ]
[objective_seed: 199]
[num_class: 1]
[is_unbalance: 0]
[scale_pos_weight: 1]
[sigmoid: 1]
[boost_from_average: 1]
[reg_sqrt: 0]
[alpha: 0.9]
[fair_c: 1]
[poisson_max_delta_step: 0.7]
[tweedie_variance_power: 1.5]
[lambdarank_truncation_level: 30]
[lambdarank_norm: 1]
[label_gain: ]
[lambdarank_position_bias_regularization: 0]
[eval_at: ]
[multi_error_top_k: 1]
[auc_mu_weights: ]
[num_machines: 1]
[local_listen_port: 12400]
[time_out: 120]
[machine_list_filename: ]
[machines: ]
[gpu_platform_id: -1]
[gpu_device_id: -1]
[gpu_use_dp: 0]
[num_gpu: 1]

end of parameters

pandas_categorical:[]
