tree
version=v4
num_class=1
num_tree_per_iteration=1
label_index=0
max_feature_idx=179
objective=huber
feature_names=hour weekday month is_rainy_season day_sin day_cos week_sin week_cos missing_raw_water_ntu raw_water_ntu raw_water_ntu_lag1 raw_water_ntu_lag2 raw_water_ntu_lag3 raw_water_ntu_lag6 raw_water_ntu_lag12 raw_water_ntu_lag24 raw_water_ntu_change1 raw_water_ntu_change3 raw_water_ntu_change6 raw_water_ntu_rollmean3 raw_water_ntu_rollstd3 raw_water_ntu_rollmean6 raw_water_ntu_rollstd6 raw_water_ntu_rollmean12 raw_water_ntu_rollstd12 raw_water_ntu_rollmean24 raw_water_ntu_rollstd24 missing_raw_water_ph raw_water_ph raw_water_ph_lag1 raw_water_ph_lag2 raw_water_ph_lag3 raw_water_ph_lag6 raw_water_ph_lag12 raw_water_ph_lag24 raw_water_ph_change1 raw_water_ph_change3 raw_water_ph_change6 raw_water_ph_rollmean3 raw_water_ph_rollstd3 raw_water_ph_rollmean6 raw_water_ph_rollstd6 raw_water_ph_rollmean12 raw_water_ph_rollstd12 raw_water_ph_rollmean24 raw_water_ph_rollstd24 missing_filtered_ntu filtered_ntu filtered_ntu_lag1 filtered_ntu_lag2 filtered_ntu_lag3 filtered_ntu_lag6 filtered_ntu_lag12 filtered_ntu_lag24 filtered_ntu_change1 filtered_ntu_change3 filtered_ntu_change6 filtered_ntu_rollmean3 filtered_ntu_rollstd3 filtered_ntu_rollmean6 filtered_ntu_rollstd6 filtered_ntu_rollmean12 filtered_ntu_rollstd12 filtered_ntu_rollmean24 filtered_ntu_rollstd24 missing_clear_well_level clear_well_level clear_well_level_lag1 clear_well_level_lag2 clear_well_level_lag3 clear_well_level_lag6 clear_well_level_lag12 clear_well_level_lag24 clear_well_level_change1 clear_well_level_change3 clear_well_level_change6 clear_well_level_rollmean3 clear_well_level_rollstd3 clear_well_level_rollmean6 clear_well_level_rollstd6 clear_well_level_rollmean12 clear_well_level_rollstd12 clear_well_level_rollmean24 clear_well_level_rollstd24 missing_treated_ntu treated_ntu_lag1 treated_ntu_lag2 treated_ntu_lag3 treated_ntu_lag6 treated_ntu_lag12 treated_ntu_lag24 treated_ntu_change1 treated_ntu_change3 treated_ntu_change6 treated_ntu_rollmean3 treated_ntu_rollstd3 treated_ntu_rollmean6 treated_ntu_rollstd6 treated_ntu_rollmean12 treated_ntu_rollstd12 treated_ntu_rollmean24 treated_ntu_rollstd24 missing_alum_feed_rate alum_feed_rate alum_feed_rate_lag1 alum_feed_rate_lag2 alum_feed_rate_lag3 alum_feed_rate_lag6 alum_feed_rate_lag12 alum_feed_rate_lag24 alum_feed_rate_change1 alum_feed_rate_change3 alum_feed_rate_change6 alum_feed_rate_rollmean3 alum_feed_rate_rollstd3 alum_feed_rate_rollmean6 alum_feed_rate_rollstd6 alum_feed_rate_rollmean12 alum_feed_rate_rollstd12 alum_feed_rate_rollmean24 alum_feed_rate_rollstd24 missing_alum_dosage alum_dosage alum_dosage_lag1 alum_dosage_lag2 alum_dosage_lag3 alum_dosage_lag6 alum_dosage_lag12 alum_dosage_lag24 alum_dosage_change1 alum_dosage_change3 alum_dosage_change6 alum_dosage_rollmean3 alum_dosage_rollstd3 alum_dosage_rollmean6 alum_dosage_rollstd6 alum_dosage_rollmean12 alum_dosage_rollstd12 alum_dosage_rollmean24 alum_dosage_rollstd24 missing_raw_water_flow raw_water_flow raw_water_flow_lag1 raw_water_flow_lag2 raw_water_flow_lag3 raw_water_flow_lag6 raw_water_flow_lag12 raw_water_flow_lag24 raw_water_flow_change1 raw_water_flow_change3 raw_water_flow_change6 raw_water_flow_rollmean3 raw_water_flow_rollstd3 raw_water_flow_rollmean6 raw_water_flow_rollstd6 raw_water_flow_rollmean12 raw_water_flow_rollstd12 raw_water_flow_rollmean24 raw_water_flow_rollstd24 missing_treated_water_flow treated_water_flow treated_water_flow_lag1 treated_water_flow_lag2 treated_water_flow_lag3 treated_water_flow_lag6 treated_water_flow_lag12 treated_water_flow_lag24 treated_water_flow_change1 treated_water_flow_change3 treated_water_flow_change6 treated_water_flow_rollmean3 treated_water_flow_rollstd3 treated_water_flow_rollmean6 treated_water_flow_rollstd6 treated_water_flow_rollmean12 treated_water_flow_rollstd12 treated_water_flow_rollmean24 treated_water_flow_rollstd24 is_backwash_event target_missing_run
feature_infos=[1:23] [0:6] [1:12] [0:1] [-0.96592582628906831:0.96592582628906831] [-0.9659258262890682:0.96592582628906831] [-0.9993007047883985:0.99930070478839861] [-0.9993007047883985:0.99930070478839861] none [1:456] [1:456] [1:456] [1:456] [1:456] [1:456] [1:456] [-203:174] [-209:282] [-246:308] [2.3333333333333335:409] [0:133.50031210949783] [3.3333333333333335:355.66666666666669] [0:125.74484747561893] [4.166666666666667:291.91666666666669] [0:118.49344694833121] [5.083333333333333:248.16666666666666] [0.44232586848012184:123.11599779493913] [0:1] [7:7.2999999999999998] [7:7.2999999999999998] [7:7.2999999999999998] [7:7.2999999999999998] [7:7.2999999999999998] [7:7.2999999999999998] [7:7.2999999999999998] [-0.29999999999999982:0.29999999999999982] [-0.29999999999999982:0.29999999999999982] [-0.29999999999999982:0.29999999999999982] [7:7.1000000000000005] [0:0.17320508075688776] [7:7.0999999999999996] [0:0.12247448713915887] [7:7.0999999999999996] [0:0.086602540378443976] [7:7.0999999999999996] [0:0.071728150235677621] none [0.02:9.8000000000000007] [0.02:9.8000000000000007] [0.02:9.8000000000000007] [0.02:9.8000000000000007] [0.02:9.8000000000000007] [0.02:9.8000000000000007] [0.02:9.8000000000000007] [-3.8900000000000001:7.6000000000000005] [-6.4199999999999999:8] [-6.8000000000000007:8.9199999999999999] [0.02:9.1000000000000014] [0:4.4467216388406126] [0.021666666666666667:8.2333333333333325] [0:3.910882253405235] [0.025833333333333333:5.4916666666666671] [0:3.8004197335972183] [0.028750000000000001:5.0337500000000004] [0:3.4456702509469577] none [2.3300000000000001:3.98] [2.3300000000000001:3.98] [2.2400000000000002:3.98] [1.8600000000000001:3.98] [1.8600000000000001:3.98] [1.8600000000000001:3.98] [1.8600000000000001:3.98] [-1.0199999999999996:1.27] [-1.0899999999999999:1.0499999999999998] [-1.46:1.3999999999999999] [2.523333333333333:3.9399999999999999] [0:0.93744333162062421] [2.3483333333333332:3.8800000000000003] [0:0.69852463569060419] [2.5741666666666667:3.8508333333333336] [0:0.69783376938707498] [2.9075000000000002:3.8350000000000004] [0.0041702882829140432:0.66063155992655276] none [0.080000000000000002:11.9] [0.080000000000000002:11.9] [0.080000000000000002:11.9] [0.080000000000000002:11.9] [0.080000000000000002:11.9] [0.080000000000000002:11.9] [-7.2900000000000009:10.960000000000001] [-9.2300000000000004:10.98] [-11.6:10.98] [0.093333333333333338:7.0399999999999991] [0:6.3335403474939138] [0.096666666666666679:6.4833333333333343] [0:4.5920757833467842] [0.10166666666666667:5] [0:3.4828996757752235] [0.10958333333333332:5] [0:2.6666967842502163] [0:1] [0.01:100] [0.01:100] [0.01:100] [0.01:100] [0.01:100] [0.01:100] [0.01:100] [-99.989999999999995:99.989999999999995] [-99.989999999999995:99.989999999999995] [-99.989999999999995:99.989999999999995] [0.01:100] [0:57.729253416270687] [0.01:86.016666666666666] [0:54.766778524941557] [0.01:50.005000000000003] [0:52.218074457030689] [0.01:25.007500000000004] [0:44.228163587784493] [0:1] [0.040000000000000001:0.080000000000000002] [0.040000000000000001:0.080000000000000002] [0.040000000000000001:0.080000000000000002] [0.040000000000000001:0.080000000000000002] [0.040000000000000001:0.080000000000000002] [0.040000000000000001:0.080000000000000002] [0.040000000000000001:0.080000000000000002] [-0.029999999999999999:0.029999999999999999] [-0.029999999999999999:0.029999999999999999] [-0.029999999999999999:0.029999999999999999] [0.046666666666666669:0.073333333333333334] [0:0.017320508075688766] [0.048333333333333339:0.066666666666666666] [0:0.016431676725154984] [0.049166666666666671:0.063333333333333339] [0:0.013568010505999362] [0.045000000000000005:0.061666666666666668] [0:0.010206207261596573] none [4.7000000000000002:63.399999999999999] [4.7000000000000002:63.399999999999999] [4.7000000000000002:63.399999999999999] [4.7000000000000002:63.399999999999999] [4.7000000000000002:63.399999999999999] [4.7000000000000002:63.399999999999999] [4.7000000000000002:63.399999999999999] [-42.399999999999999:41.399999999999999] [-42.5:40.699999999999996] [-42.799999999999997:42.199999999999996] [18.5:57.199999999999996] [0:24.479651413640187] [25.933333333333334:56.25] [0:21.844633208181914] [27.416666666666668:55.833333333333336] [0.08660254037482007:16.564609499737376] [36.524999999999999:55.679166666666667] [0.1102533314841494:13.40603819720533] none [17.5:55.600000000000001] [17.5:55.600000000000001] [17.5:55.600000000000001] [17.5:55.600000000000001] [17.5:55.600000000000001] [17.5:55.600000000000001] [17.5:55.600000000000001] [-17.099999999999998:17.400000000000002] [-17.799999999999997:17.199999999999999] [-24.399999999999999:30.899999999999999] [21.5:54.466666666666669] [0:9.9886602371555817] [24.516666666666666:53.533333333333331] [0:9.9451830886447574] [25.291666666666668:52.708333333333336] [0.028867513471830149:11.950310633720616] [33.658333333333331:52.429166666666667] [0.063702205724026989:11.908180570211028] [0:1] none
tree_sizes=1409 1458 1448 1465 1452 1467 1470 1471 1485 1483 1483 1472 1466 1485 1446 1480 1468 1460 1481 1484 1489 1507 1505 1481 1499 1482 1477 1475 1491 1469 1502 1480 1480 1483 1499 1488 1484 1480 1496 1483 1499 1509 1514

Tree=0
num_leaves=15
num_cat=0
split_feature=94 47 94 54 94 96 91 174 64 89 94 91 141 47
split_gain=178.65 56.883 37.6363 11.4335 8.61359 7.12911 6.13186 5.88294 4.18273 2.0553 1.95248 1.82364 1.75639 1.42837
threshold=0.52166666666666683 1.0100000000000002 0.25666666666666677 0.1949999999999999 0.84333333333333338 0.38583333333333353 -0.019999999999999931 47.45000000000001 0.25870461452042526 0.34500000000000003 0.18666666666666676 -0.0099999999999999239 53.850000000000001 0.50500000000000012
decision_type=10 2 10 2 10 2 10 2 2 10 8 10 10 2
left_child=2 4 8 5 11 12 -6 -3 10 -7 -1 -2 -4 -13
right_child=1 7 3 -5 6 9 -8 -9 -10 -11 -12 13 -14 -15
leaf_value=0.51963301390874694 0.53801344751568103 0.56524286225080222 0.52791926637198627 0.55847554991257753 0.54263159809932704 0.54581509127718419 0.56157196353207639 0.58205667514285941 0.53708296152447355 0.53496893805699453 0.52312524656477821 0.54294025019987902 0.53791434008529926 0.55240215754410327
leaf_weight=848 186 95 678 42 68 47 115 115 43 618 758 351 47 45
leaf_count=820 182 56 648 27 58 39 68 53 37 596 734 336 39 32
internal_value=0.532746 0.5514 0.526843 0.532773 0.545072 0.531997 0.554534 0.57445 0.521693 0.535736 0.521281 0.542097 0.528567 0.544015
internal_weight=4056 975 3081 1432 765 1390 183 210 1649 665 1606 582 725 396
internal_count=3725 785 2940 1349 676 1322 126 109 1591 635 1554 550 687 368
is_linear=0
shrinkage=1


Tree=1
num_leaves=15
num_cat=0
split_feature=85 98 85 55 47 55 94 128 153 94 90 79 165 19
split_gain=189.893 43.2032 41.384 9.87679 8.97937 6.0615 4.65564 3.94224 3.32226 2.83599 2.09105 3.22874 1.88661 1.59223
threshold=0.56500000000000006 1.2887500000000001 0.31500000000000006 0.35500000000000015 0.91500000000000015 0.20500000000000004 0.20333333333333345 0.055000000000000007 52.841666666666676 0.4250000000000001 0.56500000000000006 0.13517889156700816 43.45000000000001 31.500000000000004
decision_type=10 2 10 2 2 2 10 10 2 10 8 2 2 2
left_child=2 4 5 9 8 6 -1 -3 12 -4 -8 -12 -2 -10
right_child=1 7 3 -5 -6 -7 10 -9 13 -11 11 -13 -14 -15
leaf_value=-0.017385650926540867 0.01379016533565636 0.028292790396759911 -0.0066711526887617938 0.021054191589809774 0.02427988366314 0.0045466343918815254 -0.013366009072869851 0.042829492713870682 0.0060218816440876415 -0.0016600751303136351 -0.013942741652076341 0.0052021874673664576 0.0035370720633368271 0.017210306869186825
leaf_weight=1078 52 78 515 41 93 40 916 116 46 625 49 40 327 103
leaf_count=1044 42 45 497 24 56 33 882 55 42 597 48 33 312 69
internal_value=-0.00522742 0.0163883 -0.0105594 -0.00305671 0.00995396 -0.014733 -0.0151033 0.0369848 0.00743064 -0.00392385 -0.0126551 -0.00533828 0.00494383 0.0137562
internal_weight=4119 815 3304 1181 621 2123 2083 194 528 1140 1005 89 379 149
internal_count=3779 621 3158 1118 521 2040 2007 100 465 1094 963 81 354 111
is_linear=0
shrinkage=0.05


Tree=2
num_leaves=15
num_cat=0
split_feature=85 94 85 54 85 47 172 155 47 94 66 90 160 51
split_gain=155.209 42.8807 36.2587 6.52818 6.04727 5.57769 4.37772 4.19907 3.20687 2.40625 1.57831 1.46425 1.2897 1.21255
threshold=0.56500000000000006 1.4916666666666669 0.31500000000000006 0.1949999999999999 0.22500000000000003 0.52500000000000013 50.541666666666679 45.587500000000013 2.0100000000000002 0.435 3.5250000000000004 0.40500000000000008 47.650000000000013 0.36500000000000005
decision_type=10 10 10 2 10 2 2 2 2 10 2 10 2 2
left_child=2 5 4 9 -1 6 11 -6 -3 12 -7 -2 -4 -9
right_child=1 8 3 -5 7 10 -8 13 -10 -11 -12 -13 -14 -15
leaf_value=-0.015943642570984677 -0.0038771291255372872 0.028250926535954513 -0.0067283200752213963 0.016601803062892544 0.00056822217809848296 0.02326966402578657 0.016601746063679458 -0.012136644627102407 0.042075462961377944 -0.0014557942272657451 0.012700099470252593 0.0047898255678687669 0.002186781030402265 -0.0031802977761253718
leaf_weight=1340 58 69 520 41 78 59 76 684 107 585 88 305 44 40
leaf_count=1296 54 43 504 26 65 36 48 659 53 561 65 294 35 36
internal_value=-0.00534505 0.0150127 -0.0100007 -0.00300292 -0.0138883 0.00851241 0.00568965 -0.0104543 0.0366556 -0.00370248 0.0169423 0.00340502 -0.00603282 -0.0116418
internal_weight=4094 762 3332 1190 2142 586 439 802 176 1149 147 363 564 724
internal_count=3775 593 3182 1126 2056 497 396 760 96 1100 101 348 539 695
is_linear=0
shrinkage=0.05


Tree=3
num_leaves=15
num_cat=0
split_feature=85 96 85 54 56 85 100 88 23 146 96 58 91 9
split_gain=162.036 39.6717 38.375 6.94635 6.67871 4.29648 4.26964 3.98586 3.2644 2.96507 2.91316 2.24258 1.36863 1.34642
threshold=0.59500000000000008 1.1216666666666668 0.31500000000000006 0.1949999999999999 0.65500000000000025 0.20500000000000004 0.66083333333333349 3.2700000000000005 31.791666666666668 45.350000000000001 0.40416666666666695 0.1096965511459685 -0.074999999999999997 88.500000000000014
decision_type=10 2 10 2 2 10 2 10 2 10 2 2 10 2
left_child=2 4 5 10 6 -1 12 -3 -8 -7 13 -12 -2 -4
right_child=1 7 3 -5 -6 9 8 -9 -10 -11 11 -13 -14 -15
leaf_value=-0.015530864990953111 -0.0033221133888536505 0.029354429529054156 -0.0076264672849516756 0.017888743991441119 0.024369662553619813 -0.00023358662612736223 0.0061115932407545615 0.043801109409064391 0.01780714742278016 -0.011700098638327314 -0.0018750928770493351 0.010132747633019235 0.0052105119189788662 0.00015230654407236163
leaf_weight=1113 63 103 354 41 68 60 111 89 129 934 753 41 185 66
leaf_count=1077 58 60 343 25 40 51 104 42 85 896 729 33 176 54
internal_value=-0.00459159 0.016456 -0.0092744 -0.00235281 0.00968938 -0.0133971 0.00764377 0.0360511 0.012398 -0.011008 -0.00303642 -0.00125504 0.00304295 -0.00640409
internal_weight=4110 748 3362 1255 556 2107 488 192 240 994 1214 794 248 420
internal_count=3773 565 3208 1184 463 2024 423 102 189 947 1159 762 234 397
is_linear=0
shrinkage=0.05


Tree=4
num_leaves=15
num_cat=0
split_feature=85 94 85 47 47 18 96 172 91 19 85 146 47 50
split_gain=157.807 43.0053 32.6259 7.19368 5.20819 4.27184 3.84236 2.98007 2.7932 2.5504 1.87193 1.85721 1.33384 1.5472
threshold=0.57500000000000007 1.4916666666666669 0.27500000000000008 0.7350000000000001 0.80500000000000016 -2.4999999999999996 0.39833333333333337 50.616666666666674 0.055 99.666666666666671 0.19500000000000003 54.150000000000013 0.46500000000000002 0.28500000000000009
decision_type=10 10 10 2 2 2 2 2 10 2 8 10 2 2
left_child=2 3 8 7 6 -3 9 12 10 -4 -1 -8 13 -2
right_child=1 5 4 -5 -6 -7 11 -9 -10 -11 -12 -13 -14 -15
leaf_value=-0.015253742983676611 0.0049681314051108942 0.029405545807918005 -0.0079473821191393731 0.019809861751716763 0.01438767571002245 0.044218142032623295 -0.0021555466212982884 0.015636246278882028 -0.00037451051524840296 0.0021764411547753426 -0.012007835118914258 0.0086509607776644685 0.011377335265053497 -0.0039551506276731775
leaf_weight=949 275 106 559 126 40 90 745 73 40 70 835 42 62 59
leaf_count=913 265 63 533 81 26 41 723 43 33 60 813 33 50 55
internal_value=-0.00415186 0.0158943 -0.00898616 0.00920297 -0.00340472 0.0362072 -0.00390733 0.00635335 -0.0134415 -0.00682072 -0.0137345 -0.00157883 0.00464211 0.00339186
internal_weight=4071 791 3280 595 1456 196 1416 469 1824 629 1784 787 396 334
internal_count=3732 598 3134 494 1375 104 1349 413 1759 593 1726 756 370 320
is_linear=0
shrinkage=0.05


Tree=5
num_leaves=15
num_cat=0
split_feature=85 96 85 47 54 85 85 172 98 97 47 145 56 141
split_gain=153.763 46.9405 27.9675 8.30751 7.23704 4.29496 3.15165 2.9995 2.4681 1.71401 2.48199 1.46338 1.2715 1.13719
threshold=0.57500000000000007 1.3800000000000001 0.27500000000000008 1.4850000000000001 0.12499999999999997 0.39500000000000007 2.8950000000000005 47.541666666666679 0.19791666666666671 0.22796198091435335 0.46500000000000002 45.750000000000007 0.050000000000000037 53.850000000000001
decision_type=10 2 10 2 2 10 10 2 2 10 2 10 2 10
left_child=2 3 8 7 5 13 -3 9 -1 10 -2 -10 -7 -4
right_child=1 6 4 -5 -6 12 -8 -9 11 -11 -12 -13 -14 -15
leaf_value=-0.014476537836190746 0.0033487604124369181 0.030124033359988107 -0.0076229827724126802 0.025941479982664953 0.013181065476595586 -0.0023378150796750218 0.042960779691064682 0.012543119779985512 -0.0040169824590932024 -0.0040057129763926454 0.014150275750612113 -0.011389556228558761 0.0039571684554275538 0.00097505886380265408
leaf_weight=905 232 84 620 65 63 677 111 165 73 52 69 863 91 41
leaf_count=875 226 45 589 37 44 656 55 118 66 46 53 832 80 34
internal_value=-0.00381958 0.0161952 -0.0084915 0.00909227 -0.0034038 -0.00413497 0.0374311 0.00697799 -0.0126147 0.00437673 0.00582486 -0.0108146 -0.00159193 -0.00708967
internal_weight=4111 778 3333 583 1492 1429 195 518 1841 353 301 936 768 661
internal_count=3756 580 3176 480 1403 1359 100 443 1773 325 279 898 736 623
is_linear=0
shrinkage=0.05


Tree=6
num_leaves=15
num_cat=0
split_feature=85 85 101 47 47 55 85 23 59 55 85 55 175 64
split_gain=142.737 40.7262 30.1054 9.78996 8.21288 4.91778 4.51202 4.01556 3.34456 2.66516 2.4381 2.27797 1.91693 1.71494
threshold=0.74500000000000011 0.31500000000000006 1.3803035793220904 1.5100000000000002 0.7350000000000001 0.20500000000000004 0.48500000000000004 31.791666666666668 0.31583333333333341 -0.014999999999999984 0.19500000000000003 0.095000000000000029 1.0390662775336155 0.28801634902282153
decision_type=10 10 2 2 2 2 10 2 2 2 8 2 2 2
left_child=1 5 3 7 6 8 12 -2 10 -9 -1 -8 -3 -12
right_child=2 4 -4 -5 -6 -7 11 9 -10 -11 13 -13 -14 -15
leaf_value=-0.013739959776275904 -0.0038877154489043437 -0.0042883868049866129 0.040340702392676342 0.028325871273693515 0.015257706865071295 0.0053130086892369116 0.0010475343527790234 0.0031274610118747787 0.0011938484460115434 0.016292719911220239 -0.010685599394265798 0.013381423150422051 0.0069243003614246849 -0.00091646374698649063
leaf_weight=949 53 810 159 82 78 44 584 58 50 114 1017 40 40 47
leaf_count=913 48 776 78 44 51 37 564 45 44 75 976 33 35 42
internal_value=-0.00338084 -0.00670008 0.0226816 0.0135356 -0.000553804 -0.0112274 -0.0013905 0.0081454 -0.0115802 0.0118533 -0.0118974 0.00183817 -0.00376073 -0.0102541
internal_weight=4125 3659 466 307 1552 2107 1474 225 2063 172 2013 624 850 1064
internal_count=3761 3471 290 212 1459 2012 1408 168 1975 120 1931 597 811 1018
is_linear=0
shrinkage=0.05


Tree=7
num_leaves=15
num_cat=0
split_feature=85 85 47 147 47 85 55 157 85 90 47 160 55 91
split_gain=121.503 36.1272 26.9712 8.39343 7.54314 4.91591 4.67301 4.53697 2.96472 2.83957 2.80963 1.89642 1.6142 1.03501
threshold=0.74500000000000011 0.31500000000000006 2.0100000000000002 46.250000000000007 0.91500000000000015 0.48500000000000004 0.20500000000000004 53.600000000000001 0.22500000000000003 0.56500000000000006 0.45500000000000007 47.650000000000013 0.10500000000000004 -0.060000000000000019
decision_type=10 10 2 10 2 10 2 2 10 8 2 2 2 10
left_child=1 6 3 -2 5 11 8 10 -1 -10 -5 -3 13 -7
right_child=2 4 -4 7 -6 12 -8 -9 9 -11 -12 -13 -14 -15
leaf_value=-0.012441947163974412 0.030853097054882556 -0.00448572074872186 0.04125730049225592 -0.0033599043603647844 0.020279777179183885 -0.0054345402544263297 0.0062292497931048275 0.018203471513579088 -0.0095091861446257447 0.00088634182705403606 0.010222102412436573 0.0037945957033355773 0.0099036090407457408 0.0018792759941362134
leaf_weight=1318 58 767 124 66 42 53 40 98 656 73 90 76 59 554
leaf_count=1273 34 745 59 63 25 52 33 55 636 63 63 64 46 534
internal_value=-0.00341141 -0.00640067 0.0215311 0.0136912 -0.000620894 -0.00120262 -0.010696 0.00977235 -0.0110268 -0.00846821 0.00447587 -0.00373922 0.00200811 0.00124067
internal_weight=4074 3638 436 312 1551 1509 2087 254 2047 729 156 843 666 607
internal_count=3745 3471 274 215 1466 1441 2005 181 1972 699 126 809 632 586
is_linear=0
shrinkage=0.05


Tree=8
num_leaves=15
num_cat=0
split_feature=85 85 85 47 85 9 54 85 59 87 56 91 119 91
split_gain=125.191 40.2009 20.5613 9.15474 5.31371 3.59748 3.5321 1.95764 1.90878 1.36037 1.63171 1.08419 1.44142 0.671145
threshold=0.88500000000000012 0.31500000000000006 1.8200000000000003 0.7350000000000001 0.52500000000000013 33.500000000000007 0.095000000000000015 0.20500000000000004 2.7583333333333342 0.41500000000000004 0.045000000000000026 -0.014999999999999956 0.01020833333333304 0.0099999999999999273
decision_type=10 10 10 2 10 2 2 10 2 10 2 10 8 10
left_child=1 6 5 4 9 -2 7 -1 -4 13 -11 -6 -13 -3
right_child=2 3 8 -5 11 -7 -8 -9 -10 10 -12 12 -14 -15
leaf_value=-0.012234376792116745 0.0047392446648042942 -0.0063799330012163898 0.033152223335979857 0.014040818243400656 -0.00065497272081819244 0.019261446896369661 0.0011951444810995508 -0.0091470634238154536 0.044109123721718796 -0.0025486234758244409 0.0056755046431056187 0.012237775517627598 0.0031471904427976594 -0.0022151082118344839
leaf_weight=1123 65 335 79 107 153 124 63 946 80 479 69 50 341 136
leaf_count=1083 47 327 46 69 145 72 53 910 37 464 59 43 324 127
internal_value=-0.00328995 -0.00591728 0.0254144 -0.000108069 -0.00107668 0.014267 -0.0104677 -0.0108228 0.0386651 -0.00320678 -0.0015131 0.00291336 0.00430967 -0.00517735
internal_weight=4150 3802 348 1670 1563 189 2132 2069 159 1019 548 544 391 471
internal_count=3806 3604 202 1558 1489 119 2046 1993 83 977 523 512 367 454
is_linear=0
shrinkage=0.05


Tree=9
num_leaves=15
num_cat=0
split_feature=85 96 101 56 57 85 55 86 155 146 85 7 91 55
split_gain=108.025 33.9313 20.4129 7.10253 4.82076 4.25843 3.40208 2.33597 2.12149 1.90403 1.55328 1.42989 1.12056 1.05723
threshold=0.88500000000000012 0.33583333333333348 1.3803035793220904 0.62500000000000011 1.4483333333333341 0.57500000000000007 0.20500000000000004 0.22500000000000003 52.995833333333344 54.050000000000004 0.42500000000000004 -0.95490457829871789 0.040000000000000029 -0.054999999999999973
decision_type=10 2 2 2 2 10 2 10 2 10 10 2 10 2
left_child=1 6 4 5 8 9 7 -1 -2 10 -3 -7 -12 -13
right_child=2 3 -4 -5 -6 11 -8 -9 -10 -11 12 13 -14 -15
leaf_value=-0.011315662728686886 0.0014845086960121991 -0.0048292861495868103 0.038617296802236682 0.01804471461032078 0.024724923467147164 0.012273470351971376 0.0028500720867359977 -0.0078904691488874482 0.014409565183496665 0.0071161180980644145 -0.0015532501723531536 -0.0033965881988738799 0.0067282363160219658 0.0041405873132382776
leaf_weight=1274 64 449 141 53 64 46 53 817 63 53 570 56 44 275
leaf_count=1237 48 431 70 33 37 38 44 781 37 43 550 52 38 261
internal_value=-0.0031309 -0.00558881 0.0241875 5.75011e-05 0.0135351 -0.000581027 -0.00966027 -0.00997736 0.00789615 -0.00213307 -0.00259422 0.00401335 -0.000959789 0.00286542
internal_weight=4022 3690 332 1546 191 1493 2144 2091 127 1116 1063 377 614 331
internal_count=3700 3508 192 1446 122 1413 2062 2018 85 1062 1019 351 588 313
is_linear=0
shrinkage=0.05


Tree=10
num_leaves=15
num_cat=0
split_feature=47 85 3 85 85 96 21 96 100 91 175 7 57 87
split_gain=100.914 40.9432 11.8276 9.20654 6.37363 4.24801 2.24861 2.37675 1.8867 1.70844 1.62701 1.18881 1.18422 1.04629
threshold=1.2100000000000002 0.42500000000000004 1.0000000180025095e-35 1.9700000000000002 0.22500000000000003 0.55416666666666703 28.916666666666668 0.77166666666666683 0.66083333333333349 0.069999999999999979 2.4090591146941205 -0.97424614976117807 0.38333333333333369 0.30500000000000005
decision_type=2 10 2 10 10 2 2 2 2 10 2 2 2 10
left_child=1 4 -2 5 -1 11 7 12 -8 10 13 -3 -7 -6
right_child=2 3 -4 -5 9 6 8 -9 -10 -11 -12 -13 -14 -15
leaf_value=-0.010804667391212089 0.016668286979464549 0.0065043021036766888 0.041048249638960012 0.025181024458090014 -0.0080038073518232493 0.0024543883612689874 0.0034236014505613305 -0.0090740595410418942 0.012115181522676722 0.0024424376737689443 0.0025719434511847794 -0.0016970873603118601 0.011555194953412173 -0.0050387121329128672
leaf_weight=1313 84 48 122 44 644 240 108 41 148 59 50 556 42 553
leaf_count=1276 51 41 59 29 613 236 92 40 102 53 45 534 30 532
internal_value=-0.0029874 -0.00481356 0.0311069 0.00272349 -0.00834467 0.00188821 0.00494841 0.00217441 0.00844842 -0.00587148 -0.00626485 -0.00104532 0.00380983 -0.00663397
internal_weight=4052 3846 206 1227 2619 1183 579 323 256 1306 1247 604 282 1197
internal_count=3733 3623 110 1104 2519 1075 500 306 194 1243 1190 575 266 1145
is_linear=0
shrinkage=0.05


Tree=11
num_leaves=15
num_cat=0
split_feature=94 94 48 85 101 55 85 88 100 79 24 91 11 7
split_gain=110.164 35.742 7.64982 6.29015 6.05576 3.43183 3.15974 2.27604 2.09913 2.28467 4.41363 1.76291 1.94169 1.34719
threshold=1.4916666666666669 0.4250000000000001 0.80500000000000016 0.22500000000000003 1.7843394310605218 0.21500000000000005 0.58500000000000008 0.63500000000000012 0.25303728070175446 0.14360245946219141 9.297070615237546 -0.069999999999999979 30.500000000000004 -0.49965035239419919
decision_type=10 10 2 10 2 2 10 10 2 2 2 10 2 2
left_child=1 3 6 -1 -2 8 -3 -4 -5 -10 -11 -8 -13 -14
right_child=4 2 7 5 -6 -7 11 -9 9 10 -12 12 13 -15
leaf_value=-0.010122733107675225 0.022192883978948579 -0.00089778367439574268 0.0074243559088343044 -0.0087993121017232705 0.039938087399059442 0.0069949007945516234 -0.0024229517037218269 0.020656135056454403 -0.0056021049126000044 -0.0060880110280223838 0.010782770508094066 0.0031289909101001323 0.016051208173796055 0.0061769419252717256
leaf_weight=1305 77 688 65 393 128 55 77 65 719 92 67 238 62 78
leaf_count=1262 45 657 45 378 64 44 72 39 693 89 53 234 33 64
internal_value=-0.0024545 -0.00433055 0.00254726 -0.00765836 0.0332728 -0.00523301 0.0012401 0.0140402 -0.00576215 -0.00440269 0.00102106 0.00447277 0.00587745 0.0105498
internal_weight=4109 3904 1273 2631 205 1326 1143 130 1271 878 159 455 378 140
internal_count=3772 3663 1144 2519 109 1257 1060 84 1213 835 142 403 331 97
is_linear=0
shrinkage=0.05


Tree=12
num_leaves=15
num_cat=0
split_feature=85 85 101 85 21 14 55 47 94 146 83 85 20 14
split_gain=104.55 25.759 21.9224 4.6134 4.19383 3.0193 2.99644 2.15562 1.70682 1.57743 1.29919 1.14277 1.07241 1.05243
threshold=0.91500000000000015 0.31500000000000006 0.74595802843433834 0.57500000000000007 36.083333333333336 79.500000000000014 0.20500000000000004 0.7350000000000001 0.18833333333333346 53.95000000000001 0.2740376492887075 0.46500000000000002 22.345218714919813 62.500000000000007
decision_type=10 10 2 10 2 2 2 2 8 10 2 10 2 2
left_child=1 6 5 9 -4 -2 8 -5 -1 10 11 12 -3 -13
right_child=2 3 4 7 -6 -7 -8 -9 -10 -11 -12 13 -14 -15
leaf_value=-0.010431177086826695 0.0047906615538522608 -0.0043257119361527017 0.028521311435615645 0.0028193305311397625 0.044174420849784568 0.0186171169970057 0.005074566008988768 0.012515473150747046 -0.0075083273804564176 0.0055938228878325653 0.0065920593512312671 -0.0012871297111461092 0.0037563779179684144 0.0069680746470641127
leaf_weight=865 86 611 80 365 92 73 40 68 1182 70 41 378 44 43
leaf_count=835 58 590 43 343 44 41 34 46 1133 59 37 366 32 37
internal_value=-0.00240236 -0.00480645 0.024522 -7.57329e-05 0.0368939 0.0111387 -0.0084786 0.00434205 -0.00874343 -0.00168727 -0.00214357 -0.00247643 -0.00378279 -0.000443962
internal_weight=4038 3707 331 1620 172 159 2087 433 2047 1187 1117 1076 655 421
internal_count=3698 3512 186 1510 87 99 2002 389 1968 1121 1062 1025 622 403
is_linear=0
shrinkage=0.05


Tree=13
num_leaves=15
num_cat=0
split_feature=85 85 47 85 59 64 24 91 146 86 85 91 97 57
split_gain=93.6134 33.4673 15.5644 4.89064 3.11094 2.92344 3.63823 2.82509 2.00816 1.82828 1.28753 1.17241 0.984052 1.06703
threshold=1.8200000000000003 0.31500000000000006 0.91500000000000015 0.54500000000000015 2.7583333333333342 0.25364687692815324 9.5892906358886716 -0.014999999999999956 54.050000000000004 0.7350000000000001 0.24500000000000002 0.040000000000000029 0.10985582776161619 0.11666666666666714
decision_type=10 10 2 10 2 2 2 10 10 10 10 10 10 2
left_child=1 5 3 8 -2 10 -7 -5 11 12 -1 -3 13 -9
right_child=4 2 -4 7 -6 6 -8 9 -10 -11 -12 -13 -14 -15
leaf_value=-0.0091043927882119655 0.028840581725721494 -0.002955157838864823 0.017716934198611662 -0.0017786310502322534 0.043157924730566483 -0.0077283389404775547 0.011801496354817618 0.0036373036504431058 0.0079987872386179035 0.011316008772701025 -0.0061312571535496125 0.0031033367392922827 -0.0032591640915987752 0.012502861729590224
leaf_weight=1539 73 972 133 171 79 57 41 224 48 112 477 87 42 40
leaf_count=1485 44 940 74 161 39 56 33 215 39 75 448 78 40 29
internal_value=-0.00222197 -0.00370627 0.00124609 -4.55476e-05 0.0362818 -0.00799098 0.000442306 0.00363537 -0.00200405 0.00585019 -0.00840093 -0.00245743 0.00384963 0.00498057
internal_weight=4095 3943 1829 1696 152 2114 98 589 1107 418 2016 1059 306 264
internal_count=3756 3673 1651 1577 83 2022 89 520 1057 359 1933 1018 284 244
is_linear=0
shrinkage=0.05


Tree=14
num_leaves=15
num_cat=0
split_feature=47 85 94 172 85 172 146 63 10 26 88 93 87 158
split_gain=92.1718 30.3381 17.2013 11.0778 5.1194 3.17762 2.58067 3.42648 2.43878 1.69185 1.50124 2.01173 1.28215 1.1264
threshold=1.425 0.46500000000000002 2.9833333333333338 47.308333333333344 0.22500000000000003 47.541666666666679 45.150000000000013 0.12291666666666673 30.500000000000004 52.582144688655241 0.49500000000000005 0.055 0.30500000000000005 1.2116695465802116
decision_type=2 10 10 2 10 2 10 2 2 2 10 10 10 2
left_child=1 4 5 -2 -1 10 7 -6 -7 12 -3 -12 -8 -10
right_child=3 2 -4 -5 6 8 9 -9 13 -11 11 -13 -14 -15
leaf_value=-0.0087940842079211757 0.016851597600925087 -0.0023120720784589135 0.033951305360956627 0.040692092901316743 -0.0051676581404171886 0.00049722560826921832 -0.0069120122462182354 0.014332499459567594 0.016396770753439458 0.0046887961389540239 0.00099927271693979382 0.010414722745056049 -0.0038219605340920164 0.0072420243118863767
leaf_weight=1355 83 289 44 118 50 80 680 41 63 43 446 65 663 72
leaf_count=1308 48 270 25 54 47 70 653 33 39 34 431 54 643 50
internal_value=-0.00216921 -0.00387477 0.00334514 0.0308475 -0.00657459 0.00201837 -0.00453843 0.00361813 0.00741489 -0.00507396 0.000568055 0.00219693 -0.00538654 0.0115142
internal_weight=4092 3891 1059 201 2832 1015 1477 91 215 1386 800 511 1343 135
internal_count=3759 3657 939 102 2718 914 1410 80 159 1330 755 485 1296 89
is_linear=0
shrinkage=0.05


Tree=15
num_leaves=15
num_cat=0
split_feature=85 85 26 64 100 100 173 83 91 80 90 23 157 99
split_gain=84.8958 27.1046 7.40691 6.43748 5.94154 4.97661 4.12706 3.07772 1.97194 1.93599 1.77224 1.46233 1.02919 0.847767
threshold=1.5050000000000001 0.42500000000000004 69.786348799665802 1.445837175035616 0.63645833333333346 0.25303728070175446 0.81649658092751265 0.24300312827032589 0.089999999999999997 3.4904166666666669 0.30500000000000005 31.791666666666668 51.212500000000013 0.032333489534267394
decision_type=10 10 2 2 2 2 2 2 10 2 10 2 2 2
left_child=1 5 4 -2 9 -1 8 11 13 -3 -11 12 -6 -7
right_child=3 2 -4 -5 7 6 -8 -9 -10 10 -12 -13 -14 -15
leaf_value=-0.0079999604249749653 0.022593915640479991 0.0070008110020698721 0.02283480207393454 0.041612382885068661 0.004412875971463546 -0.0035823904208998982 0.0077247761258234585 0.017412329158590489 0.0064470542210619906 -0.0095460328005127996 -0.00051995736837224605 0.0085796889830930222 -0.0039960434151283817 -0.0065651644051617887
leaf_weight=1563 90 79 44 88 127 547 75 60 40 59 695 161 51 422
leaf_count=1504 55 68 24 43 119 524 64 40 33 55 662 113 49 404
internal_value=-0.00177652 -0.00330891 0.00267705 0.0319963 0.00195713 -0.00619447 -0.00359117 0.0069742 -0.00443229 -0.000446005 -0.00122624 0.00512675 0.00200358 -0.00488139
internal_weight=4101 3923 1276 178 1232 2647 1084 399 1009 833 754 339 178 969
internal_count=3757 3659 1130 98 1106 2529 1025 321 961 785 717 281 168 928
is_linear=0
shrinkage=0.05


Tree=16
num_leaves=15
num_cat=0
split_feature=47 94 86 47 100 161 173 91 92 6 100 93 24 165
split_gain=80.7013 27.6171 13.6392 4.55207 3.5983 2.47957 2.34402 2.085 1.42042 1.12605 0.865335 0.983092 0.859565 1.23692
threshold=1.9750000000000003 0.435 4.2750000000000012 0.91500000000000015 0.24312500000000001 48.550000000000004 0.80601902376234624 -0.29499999999999987 0.095000000000000043 0.22236532613271767 0.60312500000000013 -0.095000000000000015 23.93826576267654 44.550000000000004
decision_type=2 10 10 2 2 2 2 8 10 2 2 10 2 2
left_child=1 4 3 5 -1 7 12 -3 10 -10 -9 -12 -6 -14
right_child=-2 2 -4 -5 6 -7 -8 8 9 -11 11 -13 13 -15
leaf_value=-0.0077291122151788502 0.035569815343018056 -0.010813609130748707 0.030232284116474068 0.012655222613958048 -0.0050905499637374898 0.0078898980685507773 0.004294611703415838 -0.0010987793115153418 0.011438855338537206 0.00081881158148462425 -0.0029330298612812457 0.003794185187994176 -0.0055926343143385439 0.0050640341097638363
leaf_weight=1484 139 41 44 91 984 118 79 569 52 48 71 231 56 53
leaf_count=1429 68 35 24 55 954 82 70 548 38 45 70 220 55 41
internal_value=-0.00187039 -0.00319765 0.00288271 0.00189714 -0.00609361 0.00103078 -0.00402271 0.000231 0.000697353 0.00634123 4.93757e-05 0.00221262 -0.00462387 -0.000410952
internal_weight=4060 3921 1265 1221 2656 1130 1172 1012 971 100 871 302 1093 109
internal_count=3734 3666 1117 1093 2549 1038 1120 956 921 83 838 290 1050 96
is_linear=0
shrinkage=0.05


Tree=17
num_leaves=15
num_cat=0
split_feature=47 94 101 81 86 47 92 172 21 101 90 21 170 4
split_gain=88.4979 21.4795 8.95376 8.491 3.41776 3.22607 2.6625 2.49874 1.87431 2.09312 1.93631 3.84142 1.67933 1.44173
threshold=1.425 0.4250000000000001 1.7843394310605218 0.17258176299081215 0.21500000000000002 0.46500000000000002 -0.30499999999999994 48.525000000000013 125.08333333333336 0.14057560040672126 0.56500000000000006 24.083333333333339 43.45000000000001 1.0000000180025095e-35
decision_type=2 10 2 2 10 2 10 2 2 2 8 2 2 2
left_child=1 4 5 -2 -1 6 -3 -8 10 -10 -6 -12 -7 -14
right_child=3 2 -4 -5 8 12 7 -9 9 -11 11 -13 13 -15
leaf_value=-0.0076644260766916932 0.019634161768886629 -0.0096264000248993398 0.022462275678005357 0.040449036780847325 -0.0051774661201627083 -0.00033286082994272103 1.7691871396173474e-05 0.0080387506787793356 0.0089727876042681089 -0.0051019560303539047 -0.0051514709687294213 0.014126607802463696 0.0050812874194074041 0.015965258076175815
leaf_weight=1236 89 64 52 109 1185 47 889 109 56 50 73 40 58 64
leaf_count=1194 47 60 36 51 1146 40 859 75 46 49 68 32 45 41
internal_value=-0.00152172 -0.00316783 0.00213932 0.0310929 -0.00574702 0.00128084 0.000259757 0.000893739 -0.00405905 0.00233376 -0.00458112 0.00167263 0.00769732 0.0107909
internal_weight=4121 3923 1283 198 2640 1231 1062 998 1404 106 1298 113 169 122
internal_count=3789 3691 1156 98 2535 1120 994 934 1341 95 1246 100 126 86
is_linear=0
shrinkage=0.05


Tree=18
num_leaves=15
num_cat=0
split_feature=47 96 96 100 23 89 89 54 97 90 24 93 7 155
split_gain=77.5669 21.4835 12.4968 3.8345 3.25342 2.08977 2.06935 1.76147 1.55806 2.68031 1.57362 1.39729 1.37768 1.26301
threshold=1.9750000000000003 0.39833333333333337 2.7741666666666673 0.66083333333333349 31.791666666666668 0.69500000000000006 0.19500000000000003 0.095000000000000015 0.25479373219119106 0.25500000000000006 40.128131759605687 -0.11000000000000001 -0.56292613104441902 45.522916666666674
decision_type=2 2 2 2 2 10 8 2 10 10 2 10 2 2
left_child=1 6 3 8 11 -6 -1 13 9 -3 -11 -5 -7 -8
right_child=-2 2 -4 4 5 12 7 -9 -10 10 -12 -13 -14 -15
leaf_value=-0.0076235537259758323 0.034189765558622728 0.011963852155733751 0.027442965470254422 -0.0068525340431845015 0.01759302271608958 0.011654361803084613 0.00077538039545748348 0.0039743165277238736 -0.0069007475082550887 -0.0010025510507505225 0.0081102170133963234 0.0031796801211155892 0.0017494511129334568 -0.0053775874592576654
leaf_weight=964 146 45 46 49 59 66 89 57 88 902 50 119 75 1326
leaf_count=928 71 34 26 48 41 33 80 48 82 871 39 115 61 1276
internal_value=-0.00159688 -0.00292466 0.00178498 0.000972684 0.00538313 0.00969193 -0.00582276 -0.00464343 -0.00052321 3.97023e-05 -0.000523939 0.000253618 0.00638579 -0.00499058
internal_weight=4081 3935 1499 1453 368 200 2436 1472 1085 997 952 168 141 1415
internal_count=3753 3682 1350 1324 298 135 2332 1404 1026 944 910 163 94 1356
is_linear=0
shrinkage=0.05


Tree=19
num_leaves=15
num_cat=0
split_feature=94 96 18 48 54 146 86 97 23 92 90 21 61 85
split_gain=89.2362 15.635 7.61269 6.57039 3.05328 2.64577 2.16099 1.81247 1.63501 1.56787 1.50417 3.11762 0.959283 0.808904
threshold=1.4916666666666669 0.39833333333333337 -1.4999999999999998 0.93500000000000016 0.16500000000000001 54.050000000000004 0.21500000000000002 0.25479373219119106 41.208333333333336 0.079999999999999988 0.56500000000000006 27.750000000000004 0.32916666666666666 0.46500000000000002
decision_type=10 2 2 2 2 10 10 10 2 10 10 2 2 10
left_child=1 4 -2 5 6 7 -1 9 -7 13 -8 -12 -11 -3
right_child=2 3 -4 -5 -6 8 10 -9 -10 12 11 -13 -14 -15
leaf_value=-0.0069909590156982462 0.021858842904769343 -0.00243190180567536 0.040968837278584642 0.0144627276651713 0.0084211583290016278 0.0028090666779058263 -0.0045696041959542421 -0.0064822179931172431 0.014798206521911508 0.0018406630734292169 -0.0049465003225902492 0.012284757800045468 0.011323953345466483 0.0006595259245990321
leaf_weight=1218 114 305 96 89 40 72 1090 107 47 60 70 42 48 691
leaf_count=1172 67 298 44 54 30 61 1044 101 30 55 67 35 32 658
internal_value=-0.00115066 -0.00286929 0.0305948 0.00131032 -0.00528021 0.000430198 -0.00550667 -0.000268873 0.00754427 0.000333326 -0.00400263 0.00151522 0.00605546 -0.000287146
internal_weight=4089 3879 210 1419 2460 1330 2420 1211 119 1104 1202 112 108 996
internal_count=3748 3637 111 1289 2348 1235 2318 1144 91 1043 1146 102 87 956
is_linear=0
shrinkage=0.05


Tree=20
num_leaves=15
num_cat=0
split_feature=47 85 101 85 16 55 13 101 149 98 64 174 93 85
split_gain=83.1013 19.5572 10.1453 5.56288 2.20862 2.08759 2.97696 3.26264 1.17385 1.17116 1.15731 0.846815 0.828394 0.763476
threshold=1.9750000000000003 0.53500000000000014 1.3803035793220904 0.27500000000000008 -19.499999999999996 -0.030000000000000016 32.500000000000007 0.1498970030697008 -0.19999999999999926 0.34458333333333341 0.25364687692815324 49.895833333333343 0.11500000000000003 0.15500000000000003
decision_type=2 10 2 10 2 2 2 2 10 2 2 2 10 8
left_child=1 3 5 10 -5 8 -7 11 -3 -6 13 -8 -11 -1
right_child=-2 2 -4 4 9 6 7 -9 -10 12 -12 -13 -14 -15
leaf_value=-0.0082032942613499745 0.035007531193444151 -0.0077469807358641861 0.025283796705982905 0.0082563418572625304 -0.0045701901929566385 0.0015271424578206271 0.00049600217366657618 0.017200721148552686 0.0016502902913226249 -0.0016232731771144524 0.00023284332145113445 0.0083014552899892784 0.0051320720337874569 -0.0057708936140455757
leaf_weight=428 153 61 55 52 382 362 70 77 73 832 69 69 48 1310
leaf_count=417 75 56 31 36 365 346 65 48 62 807 63 40 39 1263
internal_value=-0.00113736 -0.00255972 0.00459363 -0.00431769 -0.00184224 0.00299538 0.00429896 0.00894433 -0.00262757 -0.00225835 -0.00611777 0.00437065 -0.0012548 -0.0063699
internal_weight=4041 3888 767 3121 1314 712 578 216 134 1262 1807 139 880 1738
internal_count=3713 3638 648 2990 1247 617 499 153 118 1211 1743 105 846 1680
is_linear=0
shrinkage=0.05


Tree=21
num_leaves=15
num_cat=0
split_feature=47 85 96 47 92 146 89 54 85 79 139 54 47 62
split_gain=72.6093 19.8208 12.6145 3.12515 2.26115 1.80891 1.54095 1.79049 1.19486 0.968696 1.88068 0.932222 0.826712 0.682232
threshold=2.0100000000000002 2.8950000000000005 0.37333333333333352 0.8650000000000001 -0.33499999999999996 54.350000000000001 0.19500000000000003 0.095000000000000015 0.57500000000000007 0.14193895401427634 0.0033783196234608713 -0.049999999999999954 0.40500000000000008 0.079610790555611502
decision_type=2 8 2 2 10 10 8 2 10 2 8 2 2 2
left_child=1 2 6 4 -4 8 -1 9 13 -8 -11 -10 -13 -6
right_child=-2 -3 3 -5 5 -7 7 -9 11 10 -12 12 -14 -15
leaf_value=-0.0066585911856424478 0.035263651071132204 0.031729593340839655 -0.0078951790409880762 0.0091728014282553508 -0.00022207228328897257 0.0074151677934063999 -0.0049361773808132845 0.0050525413064930877 -0.0039694160275508227 0.0056508401730236838 -0.0047909809886439413 0.0021935629743066701 0.008719895425532552 -0.0037058774343728599
leaf_weight=949 132 42 83 102 682 91 1171 52 51 67 121 297 58 177
leaf_count=910 65 25 78 63 658 65 1135 44 47 54 119 280 45 168
internal_value=-0.00121415 -0.00243532 -0.00280316 0.000715454 0.000115975 0.000606334 -0.00510069 -0.00405289 0.000116528 -0.0044013 -0.00106969 0.00235173 0.00325984 -0.000939923
internal_weight=4075 3943 3901 1541 1439 1356 2360 1411 1265 1359 188 406 355 859
internal_count=3756 3691 3666 1404 1341 1263 2262 1352 1198 1308 173 372 325 826
is_linear=0
shrinkage=0.05


Tree=22
num_leaves=15
num_cat=0
split_feature=85 47 86 160 86 17 91 85 55 60 153 170 61 85
split_gain=82.1522 17.628 8.63715 2.18741 1.5755 1.81443 1.19383 1.03096 0.61649 0.659466 0.573238 2.28586 0.527357 0.397831
threshold=2.0500000000000003 0.9850000000000001 0.38500000000000006 48.45000000000001 0.21500000000000002 -22.499999999999996 -0.22499999999999995 0.58500000000000008 -0.060000000000000032 0.11083018413348161 45.891666666666673 42.383333333333347 0.26958333333333334 0.15500000000000003
decision_type=10 2 10 2 10 2 8 10 2 2 2 2 2 10
left_child=1 2 4 6 13 -6 -4 12 -9 -10 11 -7 -8 -1
right_child=-2 -3 3 -5 5 10 7 8 9 -11 -12 -13 -14 -15
leaf_value=-0.0073344795524867045 0.035096329342055796 0.015290605134365184 -0.0089628695311569952 0.0061949459731818722 0.0038405489974788262 -0.0060055030393414205 -0.00065706420572954935 -0.0024470022454532604 0.0018876452549465015 0.0081696725304366332 -0.004442842439955564 0.0089020923679345287 -0.0039693868404090914 -0.0054564191836357955
leaf_weight=432 151 135 41 132 77 72 726 63 231 51 1059 40 144 812
leaf_count=417 79 78 37 93 67 69 702 57 225 40 1017 34 138 784
internal_value=-0.00110915 -0.0024708 -0.00308879 7.21708e-05 -0.00484939 -0.0035942 -0.000571306 -0.000288133 0.00202475 0.00302376 -0.00408308 -0.000681362 -0.00120531 -0.00610861
internal_weight=4166 4015 3880 1388 2492 1248 1256 1215 345 282 1171 112 870 1244
internal_count=3837 3758 3680 1292 2388 1187 1199 1162 322 265 1120 103 840 1201
is_linear=0
shrinkage=0.05


Tree=23
num_leaves=15
num_cat=0
split_feature=85 47 88 174 85 142 7 101 19 93 19 96 52 51
split_gain=70.8858 15.2133 9.4487 4.09875 2.94697 2.46494 1.06657 1.06302 2.74287 0.980117 0.901005 0.869821 0.805261 1.68731
threshold=2.0500000000000003 0.9850000000000001 0.30500000000000005 47.479166666666671 0.53500000000000014 49.550000000000004 -0.95490457829871789 0.27655792443493038 27.833333333333339 0.12000000000000002 31.166666666666668 0.74666666666666692 0.14500000000000005 0.37500000000000006
decision_type=10 2 10 2 10 10 2 2 2 10 2 2 2 2
left_child=1 2 7 -2 9 -3 -6 -1 -9 12 11 -8 13 -4
right_child=3 5 4 -5 6 -7 10 8 -10 -11 -12 -13 -14 -15
leaf_value=-0.0052765031136206737 0.023078437149524691 0.0072491251106839632 -0.001541281627981701 0.039355643449181861 0.0083189700675041726 0.020069368863855866 0.001290409184829251 -0.0061773773478834256 0.0095092559233307845 0.0057275915135526004 0.0043787092436232107 -0.0063350647162689379 -0.0041338668658780003 0.0087366669350081982
leaf_weight=1919 69 76 811 88 75 74 287 76 44 45 229 43 278 42
leaf_count=1847 42 45 778 43 60 36 281 75 37 35 178 43 271 36
internal_value=-0.000754291 -0.00204815 -0.00265695 0.032202 -2.75834e-05 0.0135738 0.00272017 -0.00499102 -0.000425612 -0.00150894 0.00196899 0.000296787 -0.00179687 -0.00103522
internal_weight=4156 3999 3849 157 1810 150 634 2039 120 1176 559 330 1131 853
internal_count=3807 3722 3641 85 1682 81 562 1959 112 1120 502 324 1085 814
is_linear=0
shrinkage=0.05


Tree=24
num_leaves=15
num_cat=0
split_feature=85 47 85 160 81 91 64 2 53 160 85 149 128 154
split_gain=71.8269 16.3881 7.50759 2.26342 1.9274 1.30134 1.27118 1.21495 0.830614 1.62623 0.710432 0.637456 0.611936 0.578078
threshold=2.0500000000000003 0.91500000000000015 0.31500000000000006 48.45000000000001 0.1530671244020205 0.01499999999999996 0.28801634902282153 6.5000000000000009 0.10500000000000002 47.650000000000013 0.15500000000000003 0.099999999999997882 0.055000000000000007 0.51639777949221055
decision_type=10 2 10 2 2 10 2 2 2 2 10 10 8 2
left_child=1 2 6 5 -3 7 10 12 9 -9 -1 -5 -4 -7
right_child=-2 4 3 11 -6 13 -8 8 -10 -11 -12 -13 -14 -15
leaf_value=-0.0067690971345242858 0.03369272864640576 0.0086326056452424721 -0.0089538213171181276 0.0029880824036516208 0.019679582570615698 0.0044235779584447851 0.0013404972397048759 -0.00011780388387311418 -0.0028602151095431811 0.00964844142429723 -0.0044545147518760186 0.0096872155077289794 -0.002952358931735382 -0.00034133275980695896
leaf_weight=419 146 86 48 87 73 153 84 581 240 46 1588 60 369 109
leaf_count=408 77 48 44 63 40 135 77 566 231 38 1523 39 362 97
internal_value=-0.000745596 -0.00202077 -0.00268153 -0.000206422 0.0137045 -0.000770161 -0.00468552 -0.00142544 -0.000358786 0.000598699 -0.00493773 0.00572242 -0.00364317 0.00244123
internal_weight=4089 3943 3784 1693 159 1546 2091 1284 867 627 2007 147 417 262
internal_count=3748 3671 3583 1575 88 1473 2008 1241 835 604 1931 102 406 232
is_linear=0
shrinkage=0.05


Tree=25
num_leaves=15
num_cat=0
split_feature=85 47 88 64 92 146 11 93 7 86 160 146 83 88
split_gain=68.0064 12.5289 7.87346 4.14496 1.4615 1.2867 2.1062 1.39786 1.27743 1.03329 0.992997 0.84146 0.693899 0.637252
threshold=2.0500000000000003 1.0100000000000002 0.36500000000000005 1.5479982090271527 0.040000000000000029 53.350000000000001 41.500000000000007 -0.39999999999999991 -0.75797172314545291 0.16500000000000004 48.45000000000001 44.250000000000007 0.20935628596848121 0.60500000000000009
decision_type=10 2 10 2 10 10 2 10 2 10 2 10 2 10
left_child=1 2 9 -2 5 7 10 -4 -6 -1 -7 -11 -10 -9
right_child=3 -3 4 -5 8 6 -8 13 12 11 -12 -13 -14 -15
leaf_value=-0.0062301798026877207 0.023790969542012767 0.01298547438138889 -0.0068258818684819537 0.040198241188926134 0.010814730139045081 -0.002156260279687306 0.01292111217594033 -0.0011664023879145271 0.00018956308935337481 0.0026620371087919923 0.0070702092835634228 -0.0039159804281099107 0.0072369046123485345 0.0018825741964330551
leaf_weight=538 78 135 94 76 53 101 45 709 136 50 41 1757 47 226
leaf_count=521 46 73 89 36 39 97 32 686 125 45 29 1683 38 215
internal_value=-0.00070627 -0.00198285 -0.00251504 0.0318881 0.000378438 -0.000320398 0.0034949 -0.00101375 0.00397922 -0.00430666 0.00050772 -0.00373397 0.00199954 -0.000429431
internal_weight=4086 3932 3797 154 1452 1216 187 1029 236 2345 142 1807 183 935
internal_count=3754 3672 3599 82 1350 1148 158 990 202 2249 126 1728 163 901
is_linear=0
shrinkage=0.05


Tree=26
num_leaves=15
num_cat=0
split_feature=85 47 85 54 143 161 70 14 85 24 47 18 91 85
split_gain=68.873 13.6317 6.99106 5.02461 2.2544 1.86602 1.29117 2.27745 1.17481 1.01385 0.870146 0.770296 0.572531 0.799273
threshold=1.9700000000000002 0.91500000000000015 0.27500000000000008 -0.014999999999999956 48.350000000000001 48.550000000000004 3.8350000000000004 66.500000000000014 0.37500000000000006 1.902944106455611 0.10500000000000002 4.5000000000000009 -0.17999999999999999 0.7350000000000001
decision_type=10 2 10 2 10 2 2 2 10 2 2 2 8 10
left_child=1 2 -1 -2 -3 6 8 -8 -4 10 -10 -7 -11 -14
right_child=3 4 5 -5 -6 11 7 -9 9 12 -12 -13 13 -15
leaf_value=-0.004597746992348827 0.02260507648256985 0.0067547450288878499 -0.0032847939279139499 0.040575592108525155 0.019015248842831508 0.002027576519564415 3.4435811249733519e-05 0.01223291020281613 0.0011411539135942853 -0.0064165393555110015 0.0090537050419465404 0.0093210834664322669 -0.0012037940436660502 0.0051410291915021424
leaf_weight=1857 74 74 490 82 76 87 163 50 181 48 43 62 782 53
leaf_count=1791 41 44 470 42 40 67 155 38 179 43 37 40 753 44
internal_value=-0.000536643 -0.00181846 -0.00239964 0.0320511 0.0129667 -0.000315984 -0.00075874 0.00289793 -0.00124645 -0.000344199 0.00266008 0.00506246 -0.00110633 -0.000801069
internal_weight=4122 3966 3816 156 150 1959 1810 213 1597 1107 224 149 883 835
internal_count=3784 3701 3617 83 84 1826 1719 193 1526 1056 216 107 840 797
is_linear=0
shrinkage=0.05


Tree=27
num_leaves=15
num_cat=0
split_feature=94 101 85 47 162 55 85 163 145 91 55 170 57 144
split_gain=53.1085 13.8513 7.91594 2.74673 2.02298 1.92797 0.805289 1.08407 0.939332 1.08583 0.984644 0.816739 1.00039 0.6801
threshold=1.4916666666666669 1.7843394310605218 0.31500000000000006 1.5100000000000002 48.550000000000004 0.20500000000000004 0.48500000000000004 42.63750000000001 46.650000000000013 -0.10000000000000001 0.10500000000000004 42.716666666666676 0.10000000000000006 53.240000000000009
decision_type=10 2 10 2 2 2 10 2 10 10 2 2 2 10
left_child=2 -2 5 4 6 -1 11 -8 -9 -10 -11 12 -4 -6
right_child=1 -3 3 -5 13 -7 7 8 9 10 -12 -13 -14 -15
leaf_value=-0.0042400139234994522 0.0086845024906147227 0.036133993212787208 -0.001792186449165456 0.010895394999533892 0.0094819187813510123 0.0065811616837024873 -0.0062390255007463008 0.0079935742328719542 -0.00505105094149864 0.00078198809288417383 0.0075233701853236806 -0.0020155446232925198 0.0089142387696483638 0.0027381268253190106
leaf_weight=2062 77 114 48 61 65 42 52 48 72 557 60 755 40 88
leaf_count=1979 47 56 48 34 38 35 48 38 68 537 42 726 36 64
internal_value=-0.000682264 0.025068 -0.0019274 0.000462223 0.000105683 -0.004024 -0.000409703 0.000738347 0.00123065 0.000759498 0.00143755 -0.00148421 0.00307437 0.00560314
internal_weight=4141 191 3950 1846 1785 2104 1632 789 737 689 617 843 88 153
internal_count=3796 103 3693 1679 1645 2014 1543 733 685 647 579 810 84 102
is_linear=0
shrinkage=0.05


Tree=28
num_leaves=15
num_cat=0
split_feature=94 96 21 146 2 47 97 90 92 24 51 94 100 62
split_gain=62.3248 8.535 5.42443 4.1983 4.09426 1.69587 2.03855 1.79653 1.72682 0.913051 0.905896 0.805122 0.775532 0.954726
threshold=1.9600000000000002 0.33583333333333348 35.750000000000007 53.95000000000001 9.5000000000000018 0.39500000000000007 0.088053006196603514 0.34500000000000003 -0.064999999999999988 16.14587679810808 0.43500000000000005 0.15833333333333341 0.49062500000000003 0.052728576918762544
decision_type=10 2 2 10 2 2 10 10 10 2 2 10 2 2
left_child=1 11 -2 5 -5 8 -7 -8 -3 -9 12 -1 -10 -14
right_child=2 3 -4 4 -6 6 7 9 10 -11 -12 -13 13 -15
leaf_value=-0.0056541073819813131 0.020708261778602355 -0.0051245520058452983 0.039187899078583215 0.019337933930454024 0.0026648329145875604 0.0091018353003507729 -0.0059022581716999412 -0.00059232636738349408 -0.0014653737889854981 0.0085071895279300713 0.0074701565509894862 -0.0032962417394733637 0.0019913968788310061 -0.0041168810975914065
leaf_weight=459 77 185 82 57 104 106 70 51 577 60 40 1714 472 74
leaf_count=445 45 181 40 35 78 72 60 41 559 40 34 1638 446 70
internal_value=-0.000456699 -0.00168637 0.0302386 0.00086403 0.00856773 0.000105439 0.00359533 0.000370523 -0.000637586 0.00432633 7.61614e-05 -0.00379429 -0.000187204 0.00116354
internal_weight=4128 3969 159 1796 161 1635 287 181 1348 111 1163 2173 1123 546
internal_count=3784 3699 85 1616 113 1503 213 141 1290 81 1109 2083 1075 516
is_linear=0
shrinkage=0.05


Tree=29
num_leaves=15
num_cat=0
split_feature=85 47 88 21 23 51 145 96 153 145 74 24 93 50
split_gain=58.479 9.15088 6.6095 5.63592 2.44262 3.32468 1.99768 1.74938 1.56594 1.26445 1.23112 2.72257 0.814314 0.819615
threshold=1.9700000000000002 1.9750000000000003 0.36500000000000005 35.750000000000007 31.791666666666668 0.95500000000000007 52.650000000000013 0.77166666666666683 53.291666666666671 46.550000000000004 0.24000000000000002 9.297070615237546 -0.25499999999999995 0.39500000000000007
decision_type=10 2 10 2 2 2 10 2 2 10 2 2 10 2
left_child=1 2 10 -2 7 6 9 12 -8 -6 -1 -12 -4 -14
right_child=3 -3 4 -5 5 -7 8 -9 -10 -11 11 -13 13 -15
leaf_value=-0.0036962252408123662 0.01858587713042895 0.019185136778737014 -0.0057296985244521736 0.037052449114296747 0.0068298104981859703 0.013295540678599435 0.012068596786573633 -0.010255931281147802 0.0021997872041538357 -0.001149199021093554 -0.0045350331790381818 0.0099235288574601767 -0.00032960141235515182 0.006222877881544478
leaf_weight=2199 75 53 65 92 58 72 72 47 91 345 82 54 743 51
leaf_count=2115 44 25 63 45 45 46 43 44 73 321 80 41 730 41
internal_value=-0.000219652 -0.00145044 -0.00173239 0.0287591 0.000805743 0.00317563 0.00188829 -0.000863119 0.00655902 -8.55219e-07 -0.00341071 0.00120587 -0.000349194 9.12757e-05
internal_weight=4099 3932 3879 167 1544 638 566 906 163 403 2335 136 859 794
internal_count=3756 3667 3642 89 1406 528 482 878 116 366 2236 121 834 771
is_linear=0
shrinkage=0.05


Tree=30
num_leaves=15
num_cat=0
split_feature=47 86 88 90 47 83 64 97 86 54 85 74 24 86
split_gain=54.5165 17.8179 5.89568 1.85912 2.03659 2.1339 1.69892 1.54021 1.00981 0.891251 0.796172 0.717911 2.56025 0.482148
threshold=1.9750000000000003 4.9500000000000011 0.36500000000000005 0.22500000000000003 0.39500000000000007 0.23946705468800469 0.48815426851974109 0.15862954191170262 0.68500000000000016 0.095000000000000015 0.54500000000000015 0.24000000000000002 9.4512238173112664 0.16500000000000004
decision_type=2 10 10 10 2 2 2 10 10 2 10 2 2 8
left_child=1 2 9 -4 7 6 -6 8 -5 10 11 13 -13 -1
right_child=-2 -3 3 4 5 -7 -8 -9 -10 -11 -12 12 -14 -15
leaf_value=-0.0049735379080838027 0.029073197629890947 0.030572893938352899 0.0088953346536996269 -0.00049491010359866989 0.0064593255800385789 0.012775576795684175 -0.0041579968515324641 -0.0056590977750826058 0.0039082554562774024 0.0018092623931919166 -0.010188212619819255 -0.0047619517484491468 0.0098720248454871283 -0.0032020607550991165
leaf_weight=503 152 43 65 987 83 60 69 130 150 81 44 89 45 1625
leaf_count=489 73 22 50 956 61 38 58 123 122 68 41 86 33 1565
internal_value=-0.000314239 -0.00143827 -0.00178843 0.000619192 0.000255467 0.00479131 0.00163962 -0.000503489 8.59825e-05 -0.00334577 -0.00352684 -0.00339726 0.000152443 -0.00362079
internal_weight=4126 3974 3931 1544 1479 212 152 1267 1137 2387 2306 2262 134 2128
internal_count=3785 3712 3690 1408 1358 157 119 1201 1078 2282 2214 2173 119 2054
is_linear=0
shrinkage=0.05


Tree=31
num_leaves=15
num_cat=0
split_feature=47 96 88 19 7 86 87 95 87 101 60 74 24 79
split_gain=47.6556 13.1081 4.28652 1.75637 2.17523 1.67501 1.35623 1.24063 1.35358 1.23394 2.4416 1.03133 2.22082 2.23413
threshold=1.9750000000000003 2.7741666666666673 0.47500000000000003 29.833333333333339 -0.73253925216600013 0.82500000000000007 0.19500000000000003 0.23094010767582432 0.51500000000000012 0.28178369762284455 0.11083018413348161 0.14500000000000005 9.297070615237546 0.14514360704717927
decision_type=2 2 10 2 2 10 10 10 10 2 2 2 2 2
left_child=1 2 6 5 -5 -4 -1 8 11 10 -6 -8 -13 -14
right_child=-2 -3 3 4 9 -7 7 -9 -10 -11 -12 12 13 -15
leaf_value=-0.0042926892262641781 0.027132604762122332 0.025966071372115335 4.3705844873329625e-05 0.0099295782646865102 0.00064665330872704281 -0.010210018385699841 -0.0025428963321443049 -0.010299704703224548 0.0048221670440398157 -0.0034906360774635855 0.013323011169001003 -0.0029436994985468229 -4.1174704717748149e-05 0.01513680984604765
leaf_weight=964 151 43 540 101 169 43 1583 44 74 89 49 147 54 44
leaf_count=927 74 23 521 63 148 41 1519 42 63 73 35 145 51 32
internal_value=-0.000433789 -0.0014892 -0.00179183 0.00104834 0.00356454 -0.000712572 -0.00275905 -0.00199932 -0.0018073 0.00147051 0.00349593 -0.00207567 0.000943153 0.00677343
internal_weight=4095 3944 3901 991 408 583 2910 1946 1902 307 218 1828 245 98
internal_count=3757 3683 3660 881 319 562 2779 1852 1810 256 183 1747 228 83
is_linear=0
shrinkage=0.05


Tree=32
num_leaves=15
num_cat=0
split_feature=94 47 53 88 146 93 88 48 55 59 62 5 48 101
split_gain=45.6548 11.58 4.31638 3.55896 1.42381 1.07172 1.25112 1.04432 0.892427 1.1046 0.65965 0.586849 1.19037 0.575326
threshold=1.9600000000000002 0.91500000000000015 0.115 0.30500000000000005 54.350000000000001 -0.059999999999999977 0.50500000000000012 0.21500000000000002 0.085000000000000006 0.15916666666666673 0.66459879518355025 -0.70710678118654757 0.14500000000000005 0.27655792443493038
decision_type=10 2 2 10 10 10 10 2 2 2 2 2 2 2
left_child=1 3 -3 8 5 10 11 -8 13 -10 -5 12 -7 -1
right_child=-2 2 -4 4 -6 6 7 -9 9 -11 -12 -13 -14 -15
leaf_value=-0.0036718102485316035 0.027048406977760227 0.0042643103522022035 0.02158424660297377 -0.0036712271544937173 0.0057826326684638244 -0.00046197746116340388 0.0013023821048197791 0.0079496243433095515 0.0060273375943085596 -0.0035084807034581906 0.0023953889953330734 -0.0017057262605934325 0.0086258737215592352 0.00018832492117094353
leaf_weight=1799 148 74 70 324 96 199 379 70 57 65 52 635 44 102
leaf_count=1730 77 44 36 318 68 185 360 50 50 64 46 608 33 94
internal_value=-0.000217912 -0.00123541 0.0126837 -0.00175984 -0.000141878 -0.00047585 0.00019182 0.0023387 -0.00319865 0.000946779 -0.00283223 -0.000906072 0.00118356 -0.00346469
internal_weight=4114 3966 144 3822 1799 1703 1327 449 2023 122 376 878 243 1901
internal_count=3763 3686 80 3606 1668 1600 1236 410 1938 114 364 826 218 1824
is_linear=0
shrinkage=0.05


Tree=33
num_leaves=15
num_cat=0
split_feature=85 138 55 100 85 89 24 91 59 93 58 96 99 95
split_gain=51.7163 6.59933 6.37563 4.22994 1.64928 1.18487 3.97844 1.05433 1.07146 0.857689 0.759928 0.585273 1.22273 0.499334
threshold=1.9700000000000002 0.057871376811594218 0.89500000000000002 0.26645833333333341 0.56500000000000006 0.24500000000000002 8.416702437732539 -0.215 0.76500000000000001 -0.069999999999999979 0.11143007257389373 0.58250000000000035 0.10221039696186536 0.055677643628298516
decision_type=10 10 2 2 10 10 2 8 2 10 2 2 2 10
left_child=2 -2 3 13 5 6 -5 -6 11 -7 -11 -9 -13 -1
right_child=1 -3 -4 4 7 9 -8 8 -10 10 -12 12 -14 -15
leaf_value=-0.0032964928726702718 0.018160536390855724 0.038743554751078289 0.015608178267932753 -0.0039880343905553733 -0.0051008249291199003 -0.003866184958030218 0.016509211577940733 0.0051375844288757324 0.0070979523466588512 -0.00097097487329443058 0.0059515668033826644 0.0023030611073767671 -0.0045778564988203088 -0.0087553196965695131
leaf_weight=1626 81 75 55 58 47 267 40 94 111 1199 41 279 84 43
leaf_count=1568 46 39 29 58 40 263 31 79 65 1151 33 251 78 40
internal_value=-0.000179431 0.0280562 -0.00129626 -0.00153533 -0.000105546 -0.000949155 0.00437819 0.00209607 0.00269158 -0.00129559 -0.000742084 0.00162133 0.000710783 -0.00343713
internal_weight=4100 156 3944 3889 2220 1605 98 615 568 1507 1240 457 363 1669
internal_count=3771 85 3686 3657 2049 1536 89 513 473 1447 1184 408 329 1608
is_linear=0
shrinkage=0.05


Tree=34
num_leaves=15
num_cat=0
split_feature=85 48 88 100 7 23 169 99 98 24 59 64 85 60
split_gain=51.6168 7.17224 3.39192 2.4933 1.17191 1.1343 1.12874 0.987298 0.937253 0.910476 0.881976 1.42386 0.812639 0.981376
threshold=2.2950000000000004 0.9850000000000001 0.36500000000000005 0.33145833333333335 -0.95490457829871789 38.208333333333336 2.2500000000000004 0.24125286148354094 0.55625000000000024 21.799356136766438 0.23916666666666672 0.28801634902282153 0.26500000000000007 0.051639777949428575
decision_type=10 2 10 2 2 2 2 2 2 2 2 2 10 2
left_child=1 2 6 -4 5 -5 10 8 -6 -10 11 12 -1 -14
right_child=-2 -3 3 4 7 -7 -8 -9 9 -11 -12 -13 13 -15
leaf_value=-0.0032884948983267731 0.030343843600885184 0.010242536368745345 0.012120616204232318 0.0013457791284517439 -0.00096006310539973 0.010747859674586874 0.0047918055912014104 -0.0040253573049128704 0.0010284956422222491 0.007685692366174438 -0.0060293924242867756 0.0047781364187204217 -0.0017726193911617918 0.0051964957599952948
leaf_weight=1593 135 135 44 106 738 46 50 168 325 61 194 65 444 57
leaf_count=1544 70 79 36 97 707 29 42 153 297 49 180 57 426 47
internal_value=-6.75616e-05 -0.00108732 -0.00148041 0.000395607 3.83351e-05 0.00419115 -0.00264209 -0.000450231 8.41297e-05 0.00208054 -0.00280006 -0.00250988 -0.00273611 -0.000979726
internal_weight=4161 4026 3891 1488 1444 152 2403 1292 1124 386 2353 2159 2094 501
internal_count=3813 3743 3664 1368 1332 126 2296 1206 1053 346 2254 2074 2017 473
is_linear=0
shrinkage=0.05


Tree=35
num_leaves=15
num_cat=0
split_feature=85 47 85 146 11 91 92 47 90 156 92 62 51 100
split_gain=47.6127 8.72262 4.01979 1.76552 2.56759 1.52032 1.0411 1.68091 1.59914 1.38115 1.05673 0.704358 0.633966 0.431723
threshold=2.0500000000000003 1.9750000000000003 0.31500000000000006 53.95000000000001 41.500000000000007 -0.215 0.39500000000000002 0.39500000000000007 0.28500000000000009 0.59620008843870276 0.12999999999999998 0.055806748716180653 0.49500000000000005 0.48479166666666673
decision_type=10 2 10 10 2 10 10 2 10 2 10 2 2 2
left_child=1 2 12 5 -5 -4 7 10 -9 -10 11 13 -1 -7
right_child=-2 -3 3 4 -6 6 -8 8 9 -11 -12 -13 -14 -15
leaf_value=-0.0029762987846321393 0.029542634053198437 0.018153439128193363 -0.0081492431421601834 -0.00010042524766074597 0.012742261196185344 -0.00096915894601858955 -0.0077004264842821055 -0.002107751751388076 0.011785062303165375 0.0024354984320676589 0.0073049999556546522 -0.0032069099703496149 0.0033021987643002009 0.001062716634786811
leaf_weight=2077 131 58 57 91 68 577 41 67 79 79 44 212 41 478
leaf_count=1999 70 27 50 72 46 556 33 55 57 61 38 209 36 460
internal_value=-0.00011555 -0.00109444 -0.00137989 0.000362323 0.00539204 -0.000127106 0.000162851 0.000372743 0.00436536 0.00711028 -0.000312487 -0.000577025 -0.00285476 -4.85556e-05
internal_weight=4100 3969 3911 1793 159 1634 1577 1536 225 158 1311 1267 2118 1055
internal_count=3769 3699 3672 1637 118 1519 1469 1436 173 118 1263 1225 2035 1016
is_linear=0
shrinkage=0.05


Tree=36
num_leaves=15
num_cat=0
split_feature=94 56 57 87 24 166 146 58 160 177 14 6 48 91
split_gain=33.264 7.94264 4.94235 2.84459 1.60586 2.34481 1.11377 0.953511 0.820918 0.697437 0.923591 1.78778 0.681192 0.59285
threshold=1.9600000000000002 -0.084999999999999909 1.4016666666666675 0.32500000000000007 40.128131759605687 44.95000000000001 43.550000000000004 0.2516611478423591 48.45000000000001 0.61464603631601866 61.500000000000007 0.14893804163311131 0.14500000000000005 0.044999999999999991
decision_type=10 2 2 10 2 2 10 2 2 2 2 2 2 10
left_child=2 -2 3 6 7 -6 -1 8 9 10 13 -12 -11 -5
right_child=1 -3 -4 4 5 -7 -8 -9 -10 12 11 -13 -14 -15
leaf_value=0.0052453627915949458 0.010313045341467514 0.033333270290366764 0.011615126362691325 -0.00058432875915525879 -0.0010059724502641252 0.013603849832533051 -0.0027032740482422052 -0.006450874395510656 0.0037803687835357303 -0.0012391602975864342 0.010065041067982047 -0.0021239741239696742 -0.007016751170909454 0.0042019770115231427
leaf_weight=45 69 82 75 854 57 53 2134 59 133 288 65 56 62 70
leaf_count=41 39 45 41 833 52 32 2045 51 91 280 51 53 59 58
internal_value=-0.000217538 0.0228141 -0.00109777 -0.00134376 0.000191126 0.00603331 -0.00253912 -0.000213814 2.70151e-05 -0.000330832 0.000316179 0.00442384 -0.00226262 -0.00022173
internal_weight=4102 151 3951 3876 1697 110 2179 1587 1528 1395 1045 121 350 924
internal_count=3771 84 3687 3646 1560 84 2086 1476 1425 1334 995 104 339 891
is_linear=0
shrinkage=0.05


Tree=37
num_leaves=15
num_cat=0
split_feature=85 47 94 70 90 62 47 51 53 94 93 79 53 87
split_gain=44.6621 6.06827 3.22737 1.52286 1.72067 1.68895 1.04392 1.24085 0.997385 0.683085 0.532246 1.62679 1.74073 0.408915
threshold=2.0500000000000003 1.9750000000000003 0.435 3.4450000000000007 0.29500000000000004 0.065985959770969271 0.39500000000000007 0.12500000000000003 0.26500000000000007 0.15833333333333341 0.020000000000000014 0.14360245946219141 0.10500000000000002 0.56500000000000006
decision_type=10 2 10 2 10 2 2 2 2 10 10 2 2 10
left_child=1 2 9 5 -5 -4 7 13 -8 -1 -11 -12 -13 -6
right_child=-2 -3 3 4 6 -7 8 -9 -10 10 11 12 -14 -15
leaf_value=-0.004008581150337049 0.027511509343929277 0.017871432600631603 -0.0012113490632015913 -0.0068292901368113244 -4.9642737935250303e-05 0.0098020505024697235 0.0089012318045004375 -0.0043683585970276289 0.00024972385839529097 -0.0023502999806695943 -0.0017008262185349036 -0.00037361611379310494 0.013334746376203839 0.0023302961436462693
leaf_weight=444 142 42 56 80 432 92 72 129 62 1577 536 55 40 310
leaf_count=432 75 21 55 72 416 66 49 125 49 1514 515 49 31 274
internal_value=-3.59772e-05 -0.00103209 -0.00123645 0.000877055 0.00022807 0.00563482 0.00078985 0.000157782 0.0048983 -0.00221909 -0.00185925 -0.000632016 0.00539833 0.000944671
internal_weight=4069 3927 3885 1233 1085 148 1005 871 134 2652 2208 631 95 742
internal_count=3743 3668 3647 1106 985 121 913 815 98 2541 2109 595 80 690
is_linear=0
shrinkage=0.05


Tree=38
num_leaves=15
num_cat=0
split_feature=85 47 88 7 47 141 55 91 154 98 55 91 85 24
split_gain=43.1248 9.79226 2.79441 1.45898 2.59962 1.26864 1.2792 1.10302 1.09802 0.931581 0.830131 0.731302 0.675214 0.646163
threshold=2.2950000000000004 1.9750000000000003 0.49500000000000005 -0.78128475145606069 0.15500000000000003 48.350000000000001 0.024999999999999998 0.069999999999999979 2.5823116130090655 0.41375000000000001 -0.14499999999999993 -0.079999999999999988 0.19500000000000003 38.837522994743104
decision_type=10 2 10 2 2 10 2 10 2 2 2 8 10 2
left_child=1 2 7 4 -4 -5 11 8 10 -9 -1 -7 -12 -14
right_child=-2 -3 3 5 -6 6 -8 9 -10 -11 12 -13 13 -15
leaf_value=-0.0064314588326576314 0.028033740990864697 0.018596839089877904 0.0011124723679927229 -0.0034847480787635397 0.013519455840264167 -0.0057472163502825429 0.0095396595674618681 0.0064982355704685212 0.0061899660254130144 -0.002760969694579465 -0.0030907383332983134 0.0013049741018550079 -0.0016406749737152206 0.0027498638654254717
leaf_weight=109 134 64 128 170 63 40 45 71 40 44 918 454 1756 88
leaf_count=104 69 31 111 149 45 35 34 58 35 37 885 427 1690 76
internal_value=0.000133466 -0.000803535 -0.00111979 0.00132619 0.00520483 0.000281308 0.00146912 -0.00184728 -0.00203702 0.00295558 -0.00215164 0.000733947 -0.00198274 -0.00143115
internal_weight=4124 3990 3926 900 191 709 539 3026 2911 115 2871 494 2762 1844
internal_count=3786 3717 3686 801 156 645 496 2885 2790 95 2755 462 2651 1766
is_linear=0
shrinkage=0.05


Tree=39
num_leaves=15
num_cat=0
split_feature=85 47 88 89 85 7 59 74 47 55 158 59 62 58
split_gain=38.6927 7.24675 2.21214 1.07667 0.822028 0.809292 0.791047 0.726519 0.664623 0.628662 0.909177 0.501894 0.643889 0.923552
threshold=2.2950000000000004 1.425 0.36500000000000005 0.29500000000000004 0.43500000000000005 -0.95490457829871789 0.42250000000000004 0.3000000000000001 0.095000000000000015 0.085000000000000006 0.64233742936301863 0.76500000000000001 0.21506142062409797 0.09814954576223435
decision_type=10 2 10 10 10 2 2 2 2 2 2 2 2 2
left_child=1 2 6 -4 -5 8 7 9 -6 -1 -11 12 13 -7
right_child=-2 -3 3 4 5 11 -8 -9 -10 10 -12 -13 -14 -15
leaf_value=-0.0023663592477920787 0.02821707718579446 0.01287714903976055 0.0068362379656554985 -0.0019950033886113354 0.0015203277750970301 -5.5809579630281296e-06 -0.0081102526832923846 0.0028192272985746204 0.0093995807403901028 0.0065034373546950519 -0.0019752671198951903 0.0042722365796591527 -0.0043490968603357863 0.0077875119267264391
leaf_weight=2091 118 94 61 365 64 767 54 76 46 50 86 73 79 40
leaf_count=2015 62 50 52 355 55 728 49 67 31 45 81 50 73 33
internal_value=4.34226e-06 -0.000839323 -0.00117404 0.000330455 5.37099e-05 0.000753224 -0.00212832 -0.00198806 0.00481529 -0.00215211 0.0011419 0.000287294 -4.1037e-05 0.000380694
internal_weight=4064 3946 3852 1495 1434 1069 2357 2303 110 2227 136 959 886 807
internal_count=3746 3684 3634 1377 1325 970 2257 2208 86 2141 126 884 834 761
is_linear=0
shrinkage=0.05


Tree=40
num_leaves=15
num_cat=0
split_feature=85 47 91 85 160 19 64 47 60 55 146 9 93 100
split_gain=33.4372 10.0146 2.78615 2.44253 1.76568 2.76444 0.793369 2.82518 1.01201 0.774019 0.666973 0.730715 0.519679 1.80263
threshold=3.2700000000000005 2.2600000000000002 -0.29499999999999987 0.27500000000000008 47.550000000000004 43.166666666666679 0.07573250770816127 0.14500000000000005 0.73118212017007844 0.43000000000000005 54.150000000000013 31.500000000000004 0.020000000000000014 0.25303728070175446
decision_type=10 2 8 10 2 2 2 2 2 2 8 2 10 2
left_child=1 2 -1 12 6 10 7 -5 9 -8 11 -6 -4 -14
right_child=-2 -3 3 4 5 -7 8 -9 -10 -11 -12 -13 13 -15
leaf_value=-0.011876670876517892 0.028564472413725325 0.017762108902696153 -0.0027538274264539675 -0.00022667042556974304 -0.0024851753417990678 0.010770396992904685 -0.0020742296059438089 0.013148419083118802 0.0052533646590415053 -0.0091514605432859667 0.0050163831690029394 0.0043566721956078665 -0.0019271347931532478 0.0089664659185029107
leaf_weight=60 99 71 1480 1066 148 93 482 41 44 42 69 53 325 43
leaf_count=51 52 34 1428 1032 139 58 453 34 34 29 52 34 316 38
internal_value=-0.000142054 -0.000849534 -0.00118441 -0.00101932 0.000174356 0.00333574 -0.000510769 0.000268703 -0.00202992 -0.00264149 0.000774919 -0.000681106 -0.00233573 -0.000654241
internal_weight=4116 4017 3946 3886 2038 363 1675 1107 568 524 270 201 1848 368
internal_count=3784 3732 3698 3647 1865 283 1582 1066 516 482 225 173 1782 354
is_linear=0
shrinkage=0.05


Tree=41
num_leaves=15
num_cat=0
split_feature=85 47 94 95 154 54 88 128 47 92 59 64 51 85
split_gain=35.6138 11.0379 1.86476 2.01874 1.71621 1.7706 0.902229 1.35472 3.11818 1.1371 0.912345 0.439231 0.41704 0.390262
threshold=3.2700000000000005 1.9750000000000003 0.25333333333333347 0.35953529256985534 2.5823116130090655 0.12499999999999997 0.49500000000000005 0.055000000000000007 0.22500000000000003 -0.079999999999999988 0.41333333333333339 0.28801634902282153 0.33500000000000008 0.68500000000000016
decision_type=10 2 10 10 2 2 10 10 2 10 2 2 2 10
left_child=1 2 11 4 5 6 10 9 -9 -8 12 -1 -4 -11
right_child=-2 -3 3 -5 -6 -7 7 8 -10 13 -12 -13 -14 -15
leaf_value=-0.002393821214053475 0.029191417187379984 0.016636259280718293 -0.00099631556295861051 -0.0091101553500629959 0.0082531741180446264 0.0066223472632516772 -0.0051670316285971143 0.00050785080838403171 0.016868270470461407 -2.4826511721445002e-05 -0.0066941976108189144 0.0026696964399889112 0.0041301253041615936 0.0028858551537782394
leaf_weight=1608 103 91 1225 60 64 95 90 95 42 357 70 44 41 170
leaf_count=1556 52 43 1165 53 48 67 89 90 30 350 64 39 36 129
internal_value=0.000157209 -0.000580828 -0.000976373 -5.87336e-05 0.000182745 -5.36428e-05 -0.000357097 0.00102575 0.00552345 2.70656e-05 -0.00113753 -0.00225896 -0.000830293 0.000914103
internal_weight=4155 4052 3961 2309 2249 2185 2090 754 137 617 1336 1652 1266 527
internal_count=3811 3759 3716 2121 2068 2020 1953 688 120 568 1265 1595 1201 479
is_linear=0
shrinkage=0.05


Tree=42
num_leaves=15
num_cat=0
split_feature=85 91 26 53 85 85 168 51 56 122 91 58 85 11
split_gain=33.8583 6.64794 2.45556 2.39191 3.84357 1.87873 1.22521 0.786316 1.15109 1.10148 0.825082 0.606284 0.517864 0.585522
threshold=2.8950000000000005 0.41000000000000003 69.786348799665802 2.8350000000000004 1.2450000000000003 0.24500000000000002 1.9500000000000031 0.79500000000000015 0.74500000000000011 0.055000000000000007 -0.0099999999999999239 0.13012814197295414 0.57500000000000007 132.50000000000003
decision_type=10 10 2 2 10 10 2 2 2 8 10 2 10 2
left_child=1 2 3 4 5 -1 7 8 10 -9 -7 12 13 -12
right_child=-2 -3 -4 -5 -6 6 -8 9 -10 -11 11 -13 -14 -15
leaf_value=-0.0023760163041711985 0.027954274428544902 0.018644048980521886 0.0079396159025271994 0.0098968872814724339 -0.015586239570668271 -0.0019533350832726475 0.0078886829878877292 -0.001080514279738912 -0.0088885030057281253 0.0092127260529463566 -0.00060778923714045676 0.0060939450406956239 0.0021007813851840903 0.0046385648816275145
leaf_weight=1547 106 44 77 49 46 557 47 53 40 51 1057 44 269 56
leaf_count=1501 55 28 47 33 36 536 37 43 29 37 1020 37 233 48
internal_value=6.86365e-05 -0.000682158 -0.000900589 -0.00107897 -0.00122174 -0.00104416 -9.64249e-05 -0.000272871 -0.000490844 0.00396713 -0.000321451 0.000315968 0.000132009 -0.000343822
internal_weight=4043 3937 3893 3816 3767 3721 2174 2127 2023 104 1983 1426 1382 1113
internal_count=3720 3665 3637 3590 3557 3521 2020 1983 1903 80 1874 1338 1301 1068
is_linear=0
shrinkage=0.05


end of trees

feature_importances:
treated_ntu_lag1=90
filtered_ntu=54
treated_ntu_change1=26
treated_ntu_rollmean3=24
filtered_ntu_change3=21
treated_ntu_rollmean6=17
treated_ntu_lag6=15
raw_water_flow_lag12=15
raw_water_ntu_rollstd12=13
treated_ntu_rollmean24=13
filtered_ntu_change1=12
treated_ntu_lag2=12
treated_ntu_rollstd24=12
filtered_ntu_rollstd24=11
treated_ntu_lag24=11
treated_ntu_change6=11
week_cos=10
filtered_ntu_rollmean6=9
treated_ntu_change3=9
filtered_ntu_lag6=8
treated_water_flow=8
raw_water_ntu_rollmean6=7
raw_water_ntu_rollmean12=7
treated_ntu_lag3=7
raw_water_ntu_rollmean3=6
filtered_ntu_lag1=6
filtered_ntu_change6=6
filtered_ntu_rollstd12=6
treated_ntu_lag12=6
treated_ntu_rollstd6=6
treated_water_flow_rollmean6=6
filtered_ntu_lag24=5
filtered_ntu_rollmean3=5
filtered_ntu_rollstd3=5
clear_well_level_rollstd6=5
treated_ntu_rollmean12=5
raw_water_ntu_lag2=4
raw_water_ntu_lag12=4
filtered_ntu_rollstd6=4
clear_well_level_change3=4
clear_well_level_rollstd24=4
raw_water_flow_lag6=4
raw_water_ntu=3
raw_water_ntu_change6=3
raw_water_ntu_rollstd24=3
treated_ntu_rollstd3=3
treated_ntu_rollstd12=3
alum_dosage_lag24=3
raw_water_flow=3
raw_water_flow_rollmean6=3
raw_water_flow_rollstd6=3
raw_water_flow_rollmean12=3
treated_water_flow_rollmean3=3
treated_water_flow_rollmean12=3
month=2
week_sin=2
filtered_ntu_lag3=2
filtered_ntu_rollmean12=2
clear_well_level_lag6=2
clear_well_level_rollstd12=2
raw_water_flow_change3=2
raw_water_flow_rollmean24=2
raw_water_flow_rollstd24=2
treated_water_flow_lag1=2
treated_water_flow_lag12=2
treated_water_flow_rollstd6=2
treated_water_flow_rollstd12=2
is_rainy_season=1
day_sin=1
day_cos=1
raw_water_ntu_lag1=1
raw_water_ntu_lag6=1
raw_water_ntu_change1=1
raw_water_ntu_change3=1
raw_water_ntu_rollstd3=1
filtered_ntu_lag12=1
filtered_ntu_rollmean24=1
clear_well_level=1
clear_well_level_rollmean12=1
alum_feed_rate_rollmean24=1
alum_dosage=1
alum_dosage_rollmean24=1
alum_dosage_rollstd24=1
raw_water_flow_lag1=1
raw_water_flow_lag2=1
raw_water_flow_lag3=1
raw_water_flow_lag24=1
raw_water_flow_rollstd12=1
treated_water_flow_lag2=1
treated_water_flow_lag3=1
treated_water_flow_lag24=1
treated_water_flow_change3=1
treated_water_flow_change6=1
treated_water_flow_rollstd24=1

parameters:
[boosting: gbdt]
[objective: huber]
[metric: huber]
[tree_learner: serial]
[device_type: cpu]
[data_sample_strategy: bagging]
[data: ]
[valid: ]
[num_iterations: 43]
[learning_rate: 0.05]
[num_leaves: 15]
[num_threads: 1]
[seed: 2026]
[deterministic: 1]
[force_col_wise: 1]
[force_row_wise: 0]
[histogram_pool_size: -1]
[max_depth: -1]
[min_data_in_leaf: 40]
[min_sum_hessian_in_leaf: 0.001]
[bagging_fraction: 0.8]
[pos_bagging_fraction: 1]
[neg_bagging_fraction: 1]
[bagging_freq: 1]
[bagging_seed: 26038]
[bagging_by_query: 0]
[feature_fraction: 0.8]
[feature_fraction_bynode: 1]
[feature_fraction_seed: 28694]
[extra_trees: 0]
[extra_seed: 4728]
[early_stopping_round: 0]
[early_stopping_min_delta: 0]
[first_metric_only: 0]
[max_delta_step: 0]
[lambda_l1: 0]
[lambda_l2: 0]
[linear_lambda: 0]
[min_gain_to_split: 0]
[drop_rate: 0.1]
[max_drop: 50]
[skip_drop: 0.5]
[xgboost_dart_mode: 0]
[uniform_drop: 0]
[drop_seed: 5409]
[top_rate: 0.2]
[other_rate: 0.1]
[min_data_per_group: 100]
[max_cat_threshold: 32]
[cat_l2: 10]
[cat_smooth: 10]
[max_cat_to_onehot: 4]
[top_k: 20]
[monotone_constraints: ]
[monotone_constraints_method: basic]
[monotone_penalty: 0]
[feature_contri: ]
[forcedsplits_filename: ]
[refit_decay_rate: 0.9]
[cegb_tradeoff: 1]
[cegb_penalty_split: 0]
[cegb_penalty_feature_lazy: ]
[cegb_penalty_feature_coupled: ]
[path_smooth: 0]
[interaction_constraints: ]
[verbosity: -1]
[saved_feature_importance_type: 0]
[use_quantized_grad: 0]
[num_grad_quant_bins: 4]
[quant_train_renew_leaf: 0]
[stochastic_rounding: 1]
[linear_tree: 0]
[max_bin: 255]
[max_bin_by_feature: ]
[min_data_in_bin: 3]
[bin_construct_sample_cnt: 200000]
[data_random_seed: 6654]
[is_enable_sparse: 1]
[enable_bundle: 1]
[use_missing: 1]
[zero_as_missing: 0]
[feature_pre_filter: 1]
[pre_partition: 0]
[two_round: 0]
[header: 0]
[label_column: ]
[weight_column: ]
[group_column: ]
[ignore_column: ]
[categorical_feature: ]
[forcedbins_filename: ]
[precise_float_parser: 0]
[parser_config_file: ]
[objective_seed: 199]
[num_class: 1]
[is_unbalance: 0]
[scale_pos_weight: 1]
[sigmoid: 1]
[boost_from_average: 1]
[reg_sqrt: 0]
[alpha: 0.9]
[fair_c: 1]
[poisson_max_delta_step: 0.7]
[tweedie_variance_power: 1.5]
[lambdarank_truncation_level: 30]
[lambdarank_norm: 1]
[label_gain: ]
[lambdarank_position_bias_regularization: 0]
[eval_at: ]
[multi_error_top_k: 1]
[auc_mu_weights: ]
[num_machines: 1]
[local_listen_port: 12400]
[time_out: 120]
[machine_list_filename: ]
[machines: ]
[gpu_platform_id: -1]
[gpu_device_id: -1]
[gpu_use_dp: 0]
[num_gpu: 1]

end of parameters

pandas_categorical:[]
