tree
version=v4
num_class=1
num_tree_per_iteration=1
label_index=0
max_feature_idx=179
objective=huber
feature_names=hour weekday month is_rainy_season day_sin day_cos week_sin week_cos missing_raw_water_ntu raw_water_ntu raw_water_ntu_lag1 raw_water_ntu_lag2 raw_water_ntu_lag3 raw_water_ntu_lag6 raw_water_ntu_lag12 raw_water_ntu_lag24 raw_water_ntu_change1 raw_water_ntu_change3 raw_water_ntu_change6 raw_water_ntu_rollmean3 raw_water_ntu_rollstd3 raw_water_ntu_rollmean6 raw_water_ntu_rollstd6 raw_water_ntu_rollmean12 raw_water_ntu_rollstd12 raw_water_ntu_rollmean24 raw_water_ntu_rollstd24 missing_raw_water_ph raw_water_ph raw_water_ph_lag1 raw_water_ph_lag2 raw_water_ph_lag3 raw_water_ph_lag6 raw_water_ph_lag12 raw_water_ph_lag24 raw_water_ph_change1 raw_water_ph_change3 raw_water_ph_change6 raw_water_ph_rollmean3 raw_water_ph_rollstd3 raw_water_ph_rollmean6 raw_water_ph_rollstd6 raw_water_ph_rollmean12 raw_water_ph_rollstd12 raw_water_ph_rollmean24 raw_water_ph_rollstd24 missing_filtered_ntu filtered_ntu filtered_ntu_lag1 filtered_ntu_lag2 filtered_ntu_lag3 filtered_ntu_lag6 filtered_ntu_lag12 filtered_ntu_lag24 filtered_ntu_change1 filtered_ntu_change3 filtered_ntu_change6 filtered_ntu_rollmean3 filtered_ntu_rollstd3 filtered_ntu_rollmean6 filtered_ntu_rollstd6 filtered_ntu_rollmean12 filtered_ntu_rollstd12 filtered_ntu_rollmean24 filtered_ntu_rollstd24 missing_clear_well_level clear_well_level clear_well_level_lag1 clear_well_level_lag2 clear_well_level_lag3 clear_well_level_lag6 clear_well_level_lag12 clear_well_level_lag24 clear_well_level_change1 clear_well_level_change3 clear_well_level_change6 clear_well_level_rollmean3 clear_well_level_rollstd3 clear_well_level_rollmean6 clear_well_level_rollstd6 clear_well_level_rollmean12 clear_well_level_rollstd12 clear_well_level_rollmean24 clear_well_level_rollstd24 missing_treated_ntu treated_ntu_lag1 treated_ntu_lag2 treated_ntu_lag3 treated_ntu_lag6 treated_ntu_lag12 treated_ntu_lag24 treated_ntu_change1 treated_ntu_change3 treated_ntu_change6 treated_ntu_rollmean3 treated_ntu_rollstd3 treated_ntu_rollmean6 treated_ntu_rollstd6 treated_ntu_rollmean12 treated_ntu_rollstd12 treated_ntu_rollmean24 treated_ntu_rollstd24 missing_alum_feed_rate alum_feed_rate alum_feed_rate_lag1 alum_feed_rate_lag2 alum_feed_rate_lag3 alum_feed_rate_lag6 alum_feed_rate_lag12 alum_feed_rate_lag24 alum_feed_rate_change1 alum_feed_rate_change3 alum_feed_rate_change6 alum_feed_rate_rollmean3 alum_feed_rate_rollstd3 alum_feed_rate_rollmean6 alum_feed_rate_rollstd6 alum_feed_rate_rollmean12 alum_feed_rate_rollstd12 alum_feed_rate_rollmean24 alum_feed_rate_rollstd24 missing_alum_dosage alum_dosage alum_dosage_lag1 alum_dosage_lag2 alum_dosage_lag3 alum_dosage_lag6 alum_dosage_lag12 alum_dosage_lag24 alum_dosage_change1 alum_dosage_change3 alum_dosage_change6 alum_dosage_rollmean3 alum_dosage_rollstd3 alum_dosage_rollmean6 alum_dosage_rollstd6 alum_dosage_rollmean12 alum_dosage_rollstd12 alum_dosage_rollmean24 alum_dosage_rollstd24 missing_raw_water_flow raw_water_flow raw_water_flow_lag1 raw_water_flow_lag2 raw_water_flow_lag3 raw_water_flow_lag6 raw_water_flow_lag12 raw_water_flow_lag24 raw_water_flow_change1 raw_water_flow_change3 raw_water_flow_change6 raw_water_flow_rollmean3 raw_water_flow_rollstd3 raw_water_flow_rollmean6 raw_water_flow_rollstd6 raw_water_flow_rollmean12 raw_water_flow_rollstd12 raw_water_flow_rollmean24 raw_water_flow_rollstd24 missing_treated_water_flow treated_water_flow treated_water_flow_lag1 treated_water_flow_lag2 treated_water_flow_lag3 treated_water_flow_lag6 treated_water_flow_lag12 treated_water_flow_lag24 treated_water_flow_change1 treated_water_flow_change3 treated_water_flow_change6 treated_water_flow_rollmean3 treated_water_flow_rollstd3 treated_water_flow_rollmean6 treated_water_flow_rollstd6 treated_water_flow_rollmean12 treated_water_flow_rollstd12 treated_water_flow_rollmean24 treated_water_flow_rollstd24 is_backwash_event target_missing_run
feature_infos=[1:23] [0:6] [1:12] [0:1] [-0.96592582628906831:0.96592582628906831] [-0.9659258262890682:0.96592582628906831] [-0.9993007047883985:0.99930070478839861] [-0.9993007047883985:0.99930070478839861] none [1:456] [1:456] [1:456] [1:456] [1:456] [1:456] [1:456] [-203:174] [-209:282] [-246:308] [2.3333333333333335:409] [0:133.50031210949783] [3.3333333333333335:355.66666666666669] [0:125.74484747561893] [4.166666666666667:291.91666666666669] [0:118.49344694833121] [5.083333333333333:248.16666666666666] [0.44232586848012184:123.11599779493913] [0:1] [7:7.2999999999999998] [7:7.2999999999999998] [7:7.2999999999999998] [7:7.2999999999999998] [7:7.2999999999999998] [7:7.2999999999999998] [7:7.2999999999999998] [-0.29999999999999982:0.29999999999999982] [-0.29999999999999982:0.29999999999999982] [-0.29999999999999982:0.29999999999999982] [7:7.1000000000000005] [0:0.17320508075688776] [7:7.0999999999999996] [0:0.12247448713915887] [7:7.0999999999999996] [0:0.086602540378443976] [7:7.0999999999999996] [0:0.071728150235677621] none [0.02:9.8000000000000007] [0.02:9.8000000000000007] [0.02:9.8000000000000007] [0.02:9.8000000000000007] [0.02:9.8000000000000007] [0.02:9.8000000000000007] [0.02:9.8000000000000007] [-3.8900000000000001:7.6000000000000005] [-6.4199999999999999:8] [-6.8000000000000007:8.9199999999999999] [0.02:9.1000000000000014] [0:4.4467216388406126] [0.021666666666666667:8.2333333333333325] [0:3.910882253405235] [0.025833333333333333:5.4916666666666671] [0:3.8004197335972183] [0.028750000000000001:5.0337500000000004] [0:3.4456702509469577] none [2.3300000000000001:3.98] [2.3300000000000001:3.98] [2.2400000000000002:3.98] [1.8600000000000001:3.98] [1.8600000000000001:3.98] [1.8600000000000001:3.98] [1.8600000000000001:3.98] [-1.0199999999999996:1.27] [-1.0899999999999999:1.0499999999999998] [-1.46:1.3999999999999999] [2.523333333333333:3.9399999999999999] [0:0.93744333162062421] [2.3483333333333332:3.8800000000000003] [0:0.69852463569060419] [2.5741666666666667:3.8508333333333336] [0:0.69783376938707498] [2.9075000000000002:3.8350000000000004] [0.0041702882829140432:0.66063155992655276] none [0.080000000000000002:11.9] [0.080000000000000002:11.9] [0.080000000000000002:11.9] [0.080000000000000002:11.9] [0.080000000000000002:11.9] [0.080000000000000002:11.9] [-7.2900000000000009:10.960000000000001] [-9.2300000000000004:10.98] [-11.6:10.98] [0.093333333333333338:7.0399999999999991] [0:6.3335403474939138] [0.096666666666666679:6.4833333333333343] [0:4.5920757833467842] [0.10166666666666667:5] [0:3.4828996757752235] [0.10958333333333332:5] [0:2.6666967842502163] [0:1] [0.01:100] [0.01:100] [0.01:100] [0.01:100] [0.01:100] [0.01:100] [0.01:100] [-99.989999999999995:99.989999999999995] [-99.989999999999995:99.989999999999995] [-99.989999999999995:99.989999999999995] [0.01:100] [0:57.729253416270687] [0.01:86.016666666666666] [0:54.766778524941557] [0.01:50.005000000000003] [0:52.218074457030689] [0.01:25.007500000000004] [0:44.228163587784493] [0:1] [0.040000000000000001:0.080000000000000002] [0.040000000000000001:0.080000000000000002] [0.040000000000000001:0.080000000000000002] [0.040000000000000001:0.080000000000000002] [0.040000000000000001:0.080000000000000002] [0.040000000000000001:0.080000000000000002] [0.040000000000000001:0.080000000000000002] [-0.029999999999999999:0.029999999999999999] [-0.029999999999999999:0.029999999999999999] [-0.029999999999999999:0.029999999999999999] [0.046666666666666669:0.073333333333333334] [0:0.017320508075688766] [0.048333333333333339:0.066666666666666666] [0:0.016431676725154984] [0.049166666666666671:0.063333333333333339] [0:0.013568010505999362] [0.045000000000000005:0.061666666666666668] [0:0.010206207261596573] none [4.7000000000000002:63.399999999999999] [4.7000000000000002:63.399999999999999] [4.7000000000000002:63.399999999999999] [4.7000000000000002:63.399999999999999] [4.7000000000000002:63.399999999999999] [4.7000000000000002:63.399999999999999] [4.7000000000000002:63.399999999999999] [-42.399999999999999:41.399999999999999] [-42.5:40.699999999999996] [-42.799999999999997:42.199999999999996] [18.5:57.199999999999996] [0:24.479651413640187] [25.933333333333334:56.25] [0:21.844633208181914] [27.416666666666668:55.833333333333336] [0.08660254037482007:16.564609499737376] [36.524999999999999:55.679166666666667] [0.1102533314841494:13.40603819720533] none [17.5:55.600000000000001] [17.5:55.600000000000001] [17.5:55.600000000000001] [17.5:55.600000000000001] [17.5:55.600000000000001] [17.5:55.600000000000001] [17.5:55.600000000000001] [-17.099999999999998:17.400000000000002] [-17.799999999999997:17.199999999999999] [-24.399999999999999:30.899999999999999] [21.5:54.466666666666669] [0:9.9886602371555817] [24.516666666666666:53.533333333333331] [0:9.9451830886447574] [25.291666666666668:52.708333333333336] [0.028867513471830149:11.950310633720616] [33.658333333333331:52.429166666666667] [0.063702205724026989:11.908180570211028] [0:1] none
tree_sizes=1381 1472 1456 1462 1460 1475 1471 1490 1461 1470 1469 1470 1472 1469 1456 1464 1480 1480 1498 1476 1470 1475 1475 1477 1475 1480 1476 1480 1481

Tree=0
num_leaves=15
num_cat=0
split_feature=94 47 100 100 172 175 155 24 23 155 97 157 64 24
split_gain=158.076 63.165 15.2443 11.5342 11.4052 7.43938 5.43384 4.79691 4.20768 3.36677 5.03199 3.20711 2.99281 2.68775
threshold=0.39166666666666677 1.175 0.24687500000000004 0.6395833333333335 47.408333333333339 1.0168838373044415 45.587500000000013 27.845879604123038 32.375000000000007 52.64583333333335 0.077567175188137258 48.839583333333344 0.46436003598020231 2.2746961169041442
decision_type=10 2 2 2 2 2 2 2 2 2 8 2 2 2
left_child=2 3 -1 9 -3 8 -4 -8 13 -2 -11 -9 -10 -5
right_child=1 4 6 5 -6 -7 7 11 12 10 -12 -13 -14 -15
leaf_value=0.52131066797201864 0.53670195739522464 0.55595997999562496 0.54099466455015122 0.54593762241652977 0.58117144444736646 0.56147743864315258 0.52676777289984533 0.53114942295172696 0.55857594984710157 0.53955762467292501 0.55871267292088689 0.54882372176826277 0.54311670828804726 0.53416716094336225
leaf_weight=1498 804 72 91 97 119 83 767 66 71 144 45 42 56 97
leaf_count=1441 770 51 79 93 56 51 738 63 49 131 32 27 50 94
internal_value=0.532397 0.544699 0.524469 0.541011 0.571668 0.548134 0.529366 0.528157 0.544684 0.538114 0.544118 0.538023 0.551759 0.540052
internal_weight=4052 1588 2464 1397 191 404 966 875 321 993 189 108 127 194
internal_count=3725 1377 2348 1270 107 337 907 828 286 933 163 90 99 187
is_linear=0
shrinkage=1


Tree=1
num_leaves=15
num_cat=0
split_feature=85 94 85 47 146 153 9 64 146 24 157 152 88 85
split_gain=151.962 56.478 19.5572 11.4693 7.77019 6.87273 5.89132 5.76191 4.50465 3.89613 4.89806 3.50166 2.77816 2.33847
threshold=0.43500000000000005 1.4916666666666669 0.24500000000000002 0.45500000000000007 54.150000000000013 53.291666666666671 32.500000000000007 0.28801634902282153 45.250000000000007 27.845879604123038 49.07500000000001 0.30550504633239145 0.49500000000000005 0.31500000000000006
decision_type=10 10 10 2 10 2 2 2 10 2 2 2 10 10
left_child=2 3 7 4 12 -3 -5 -1 -4 13 -11 -8 -2 -10
right_child=1 5 8 6 -6 -7 11 -9 9 10 -12 -13 -14 -15
leaf_value=-0.016293561921073972 -0.0031232468098630214 0.025445794202387337 0.0039554775492953399 0.0022362701402491203 0.014838417832857199 0.044898534491658211 0.013242238796738094 0.0020567742009668355 -0.011883621432797545 -0.0063165698451204946 0.013914422633076488 0.02841254597418566 0.0026227756701631562 -0.0068023886426539851
leaf_weight=1540 351 105 84 69 103 80 88 44 445 104 42 67 525 461
leaf_count=1492 331 70 71 62 76 35 65 38 429 95 27 38 499 451
internal_value=-0.00532375 0.00813833 -0.0121934 0.00418314 0.00184786 0.0338578 0.0143896 -0.0157838 -0.00718695 -0.00807664 -0.000496695 0.0197997 0.000320431 -0.00929814
internal_weight=4108 1388 2720 1203 979 185 224 1584 1136 1052 146 155 876 906
internal_count=3779 1176 2603 1071 906 105 165 1530 1073 1002 122 103 830 880
is_linear=0
shrinkage=0.05


Tree=2
num_leaves=15
num_cat=0
split_feature=85 85 101 26 94 64 10 145 54 12 49 80 55 157
split_gain=130.028 36.8172 35.1458 10.2519 7.89858 5.3151 4.07542 3.8114 3.63214 3.36899 3.14707 4.04715 3.00732 2.60161
threshold=0.56500000000000006 0.24500000000000002 1.3803035793220904 69.786348799665802 0.38833333333333347 0.28801634902282153 32.500000000000007 51.45000000000001 0.12499999999999997 116.50000000000001 0.27500000000000008 3.7287500000000002 -0.034999999999999996 47.452083333333341
decision_type=10 10 2 2 10 2 2 10 2 2 2 2 2 2
left_child=1 5 3 6 8 -1 12 13 9 -3 -6 -12 -2 -8
right_child=2 4 -4 -5 10 -7 7 -9 -10 -11 11 -13 -14 -15
leaf_value=-0.015504952858966662 -0.0071696390460987205 -0.0094126715660966497 0.037306814382827728 0.028587398896443433 -0.0023232285614541441 0.0025210476157510476 0.013335460272024979 0.01847117050794389 0.0064302843540560376 0.0017437282515488364 -0.0014015393690331966 0.016601122159368566 0.0052286000949187351 -0.0016604811484643
leaf_weight=1552 59 791 128 58 711 42 55 109 43 74 74 54 286 61
leaf_count=1504 58 752 70 28 681 36 41 73 32 66 69 42 268 55
internal_value=-0.00529791 -0.0095351 0.0134276 0.00856044 -0.00452144 -0.01503 0.00652261 0.0117579 -0.00775318 -0.00845825 -0.00102392 0.00619333 0.00310832 0.00544966
internal_weight=4097 3341 756 628 1747 1594 570 225 908 865 839 128 345 116
internal_count=3775 3182 593 523 1642 1540 495 169 850 818 792 111 326 96
is_linear=0
shrinkage=0.05


Tree=3
num_leaves=15
num_cat=0
split_feature=94 94 26 85 145 100 146 155 100 9 24 101 58 85
split_gain=134.688 58.223 15.0855 14.8161 6.60691 6.36686 6.08876 4.42367 4.40726 4.22561 2.83693 2.00442 2.11225 1.75122
threshold=0.435 1.236666666666667 69.786348799665802 0.20500000000000004 54.150000000000013 0.26645833333333341 52.95000000000001 45.670833333333341 0.65770833333333345 31.500000000000004 32.709348575804704 0.22955019194407403 0.12342339054382873 0.35500000000000004
decision_type=10 10 2 10 10 2 8 2 2 2 2 2 2 10
left_child=3 2 4 -1 8 -5 -3 -7 11 -10 13 12 -2 -9
right_child=1 6 -4 5 -6 7 -8 10 9 -11 -12 -13 -14 -15
leaf_value=-0.015704364548542651 -0.00034925455889437177 0.024084441046579742 0.029818038178502388 -0.011759808909795855 0.014512273784216849 0.0054187207764317827 0.041713408769108361 -0.0095893331603974178 0.0014564578714546005 0.014640364508549856 0.0031799772356137417 -0.008077243881983465 0.0099203422853154036 -0.0046693151383141729
leaf_weight=1105 688 96 53 690 105 86 100 411 139 108 69 77 54 323
leaf_count=1072 663 62 28 658 77 73 48 397 136 77 56 73 44 309
internal_value=-0.00467517 0.00777793 0.00372648 -0.0112636 0.00254557 -0.00815595 0.0330788 -0.0053588 0.00136686 0.00722108 -0.00651306 -0.000398701 0.000398128 -0.00742426
internal_weight=4104 1420 1224 2684 1171 1579 196 889 1066 247 803 819 742 734
internal_count=3773 1208 1098 2565 1070 1493 110 835 993 213 762 780 707 706
is_linear=0
shrinkage=0.05


Tree=4
num_leaves=15
num_cat=0
split_feature=85 85 47 87 61 146 64 162 55 94 78 63 146 155
split_gain=129.428 54.2184 16.4709 8.07721 7.06704 6.36982 6.50778 5.40962 4.69244 2.75308 2.41022 2.76861 1.91142 1.62188
threshold=0.89500000000000013 0.31500000000000006 1.2100000000000002 0.49500000000000005 0.1191666666666666 43.45000000000001 0.28801634902282153 47.95000000000001 0.12500000000000006 0.19333333333333344 3.4708333333333337 0.16479166666666675 54.205000000000005 53.087500000000013
decision_type=10 10 2 10 2 10 2 2 2 8 2 2 10 2
left_child=1 5 4 13 -2 -1 9 -4 10 -7 -5 12 -12 -3
right_child=2 3 7 8 -6 6 -8 -9 -10 -11 11 -13 -14 -15
leaf_value=0.0073415042696202684 0.023904447984180333 -0.0038383918059822506 0.025929326566557089 0.011185897676877573 0.0023753527383733957 -0.015110844096389062 0.00081837718085996038 0.043582152068904305 0.015402112879401334 -0.011359714781527976 0.0022732577292409579 -0.0049667311025399516 0.013730255418922753 0.0031565103798841493
leaf_weight=41 81 835 75 71 72 939 87 103 79 1021 405 131 40 92
leaf_count=34 45 793 48 54 61 901 76 46 55 988 393 126 32 80
internal_value=-0.0041647 -0.00681625 0.0258035 -5.10918e-05 0.0137731 -0.012172 -0.0125628 0.0361442 0.00389835 -0.0131568 0.00249372 0.00142229 0.0033031 -0.00314418
internal_weight=4072 3741 331 1653 153 2088 2047 178 726 1960 647 576 445 927
internal_count=3732 3532 200 1533 106 1999 1965 94 660 1889 605 551 425 873
is_linear=0
shrinkage=0.05


Tree=5
num_leaves=15
num_cat=0
split_feature=85 94 101 85 26 23 101 96 11 85 50 160 97 56
split_gain=128.635 48.4367 16.6848 8.36764 6.52773 5.1786 4.98347 7.67852 5.19872 3.30314 3.47278 2.00479 1.36014 1.43905
threshold=0.89500000000000013 0.36500000000000016 1.3803035793220904 0.20500000000000004 64.912628570976224 41.208333333333336 0.25794313736865787 0.26916666666666689 112.50000000000001 0.53500000000000014 0.49500000000000005 48.650000000000013 0.13618606793442964 0.095000000000000029
decision_type=10 10 2 10 2 2 2 2 2 10 2 2 10 2
left_child=1 3 5 -1 9 -2 8 -8 -5 10 12 -11 13 -3
right_child=2 4 -4 6 -6 -7 7 -9 -10 11 -12 -13 -14 -15
leaf_value=-0.014076562657714162 0.0046435442031713941 -0.0025640369260240686 0.038378573837846319 -0.010281905523669681 0.018583666861057283 0.022159614863319913 0.015079462315355029 -0.008045283712912351 0.0023799000979951501 0.0022334815656238349 0.012061898420337416 0.01232148554514755 -0.0095167903160472637 0.0057130339692281398
leaf_weight=1095 66 667 149 1029 50 117 56 100 88 471 43 55 64 57
leaf_count=1061 51 641 76 986 31 70 42 96 72 447 34 40 62 47
internal_value=-0.00388195 -0.00650615 0.0259565 -0.0108719 0.000841402 0.0158423 -0.00811526 0.000255907 -0.00928438 0.000187671 -0.00177495 0.00328831 -0.00253001 -0.00191239
internal_weight=4107 3775 332 2368 1407 183 1273 156 1117 1357 831 526 788 724
internal_count=3756 3559 197 2257 1302 121 1196 138 1058 1271 784 487 750 688
is_linear=0
shrinkage=0.05


Tree=6
num_leaves=15
num_cat=0
split_feature=85 94 101 47 85 146 161 9 48 85 55 146 15 55
split_gain=116.956 42.3484 21.1241 7.2009 5.32179 5.36612 8.71835 5.13198 4.75385 4.59747 1.92393 1.57049 1.22903 1.10307
threshold=0.89500000000000013 0.31500000000000017 1.3803035793220904 0.71000000000000008 0.20500000000000004 46.350000000000001 43.150000000000013 32.500000000000007 0.7350000000000001 0.46500000000000002 -0.14499999999999993 53.95000000000001 13.500000000000002 0.040000000000000029
decision_type=10 10 2 2 10 10 2 2 2 10 2 10 2 2
left_child=1 4 7 9 -1 6 -6 -2 -9 10 -3 12 -11 -12
right_child=2 3 -4 -5 5 -7 -8 8 -10 11 13 -13 -14 -15
leaf_value=-0.013375052411903801 0.0012665763863774597 0.005707471738181388 0.038213647921748514 0.012489672527254489 -0.0095026302649531269 -0.0098118299680478045 0.015581850045970803 0.0095400180777206137 0.028450707586912011 0.0044655360490212159 -0.0052317435583570538 0.0084250815565118913 -0.00033539851634965378 0.0022130164761889589
leaf_weight=1083 61 48 151 104 86 879 58 68 65 174 633 74 570 54
leaf_count=1044 51 41 77 71 79 838 44 44 38 169 612 64 541 48
internal_value=-0.00367277 -0.00622729 0.02419 -0.00024745 -0.0109322 -0.00834612 0.000600841 0.0132746 0.0187821 -0.00110042 -0.00397038 0.00147834 0.000787401 -0.00464657
internal_weight=4108 3763 345 1657 2106 1023 144 194 133 1553 735 818 744 687
internal_count=3761 3551 210 1546 2005 961 123 133 82 1475 701 774 710 660
is_linear=0
shrinkage=0.05


Tree=7
num_leaves=15
num_cat=0
split_feature=85 96 47 26 100 177 173 98 85 153 85 7 91 91
split_gain=97.603 43.9917 16.8443 6.96266 5.90095 5.89893 5.29135 4.12841 3.70288 2.15426 1.75794 1.81646 1.62655 1.45756
threshold=0.89500000000000013 0.33166666666666694 1.9750000000000003 64.912628570976224 0.29187500000000005 3.8169944485710769 0.22286019533907817 0.18958333333333335 0.57500000000000007 45.94166666666667 0.38500000000000006 -0.95490457829871789 -0.02999999999999994 0.060000000000000019
decision_type=10 2 2 2 2 2 2 2 10 2 10 2 10 10
left_child=1 5 6 4 -3 7 -2 -1 10 -9 -6 -12 -10 -11
right_child=2 3 -4 -5 8 -7 -8 9 12 13 11 -13 -14 -15
leaf_value=-0.013459949929007673 0.0050273410180646386 0.01685899889888242 0.037902908914296304 0.018396894997787523 -0.0057364478198334923 0.0079497753584291796 0.021174741223044063 -0.0011649508971765816 -0.0022605608785708779 -0.0098454203278191179 0.0062537650462801166 -0.0017669345816455117 0.0052146739335401267 -0.00067104896944430135
leaf_weight=847 89 50 118 53 258 43 118 83 95 1141 78 743 311 45
leaf_count=814 66 37 59 35 250 36 71 73 92 1108 67 714 285 38
internal_value=-0.00345793 -0.00573774 0.0228264 0.000579316 -3.5884e-05 -0.0103841 0.0142321 -0.0107567 -0.000604735 -0.00895233 -0.00213628 -0.00100492 0.00346554 -0.00949732
internal_weight=4072 3747 325 1588 1535 2159 207 2116 1485 1269 1079 821 406 1186
internal_count=3745 3549 196 1480 1445 2069 137 2033 1408 1219 1031 781 377 1146
is_linear=0
shrinkage=0.05


Tree=8
num_leaves=15
num_cat=0
split_feature=85 85 101 64 87 23 91 9 96 174 92 58 52 177
split_gain=101.133 38.1083 16.9815 7.04916 5.72594 4.86203 3.79617 3.52887 2.39306 2.00769 1.67296 1.15032 1.58841 1.34704
threshold=0.89500000000000013 0.31500000000000006 0.74595802843433834 0.28801634902282153 0.49500000000000005 41.208333333333336 0.039999999999999959 34.500000000000007 0.18166666666666684 48.00416666666667 -0.35499999999999993 0.11888295270696705 0.12500000000000003 1.3838319658207696
decision_type=10 10 2 2 10 2 10 2 2 2 8 2 2 2
left_child=1 3 7 8 9 -4 10 -2 -1 -3 -6 12 13 -12
right_child=2 4 5 -5 6 -7 -8 -9 -10 -11 11 -13 -14 -15
leaf_value=-0.012831194038537455 0.0024935133186489589 -0.003048562817200777 0.026397141676374393 0.0042108980669494141 -0.0076813796494943319 0.04372654995126532 0.012881498546518672 0.017668431694845409 -0.0093165804127541673 0.0081313756017369187 0.0021881606987541212 0.0098240196983348221 -0.0040564053177649341 0.010673489367956174
leaf_weight=781 61 915 83 83 42 79 91 103 1275 42 398 51 91 53
leaf_count=752 47 865 51 71 39 39 68 60 1223 34 387 38 89 43
internal_value=-0.00336616 -0.0056463 0.023366 -0.0100749 -1.77325e-05 0.0348479 0.00333068 0.0120241 -0.0106517 -0.00255791 0.00196198 0.00264498 0.00196946 0.00318533
internal_weight=4148 3822 326 2139 1683 162 726 164 2056 957 635 593 542 451
internal_count=3806 3609 197 2046 1563 90 664 107 1975 899 596 557 519 430
is_linear=0
shrinkage=0.05


Tree=9
num_leaves=15
num_cat=0
split_feature=85 96 101 26 166 23 87 101 77 85 12 18 176 85
split_gain=90.5395 33.7802 19.548 4.84474 6.04465 4.36451 3.84044 3.02602 5.30005 3.0109 2.16493 1.59288 1.37366 1.27062
threshold=0.89500000000000013 0.33166666666666694 1.3803035793220904 37.049161033152906 45.550000000000004 41.208333333333336 0.20500000000000004 0.25794313736865787 0.076376261582614555 0.47500000000000003 176.50000000000003 49.500000000000007 47.710416666666681 0.27500000000000008
decision_type=10 2 2 2 2 2 10 2 2 10 2 2 2 10
left_child=1 6 5 9 10 -2 -1 11 -9 13 -5 -8 -11 -3
right_child=2 3 -4 4 -6 -7 7 8 -10 12 -12 -13 -14 -15
leaf_value=-0.011563248115553256 0.00088876882629072081 -0.011152024479939585 0.037014985262580652 0.0075567200679618586 0.021390604776771446 0.017564110207286748 -0.0086962024025633664 -0.0090265016786621102 0.01447007179127208 0.00055881356940695596 -0.0062052046332289196 7.1516966616565528e-05 0.0069202324436093698 -0.0026279116799878613
leaf_weight=1090 61 47 136 65 57 110 891 56 42 633 51 55 98 626
leaf_count=1054 49 45 70 53 38 68 870 54 32 606 44 38 85 594
internal_value=-0.00322775 -0.00538652 0.0228674 0.000162765 0.00805772 0.0116156 -0.00948738 -0.00732004 0.00104346 -0.000810047 0.00150622 -0.00818645 0.00141164 -0.00322321
internal_weight=4018 3711 307 1577 173 171 2134 1044 98 1404 116 946 731 673
internal_count=3700 3513 187 1465 135 117 2048 994 86 1330 97 908 691 639
is_linear=0
shrinkage=0.05


Tree=10
num_leaves=15
num_cat=0
split_feature=85 85 101 10 175 169 96 47 64 146 64 98 96 24
split_gain=76.02 30.8962 16.7547 5.44993 5.22104 5.10605 5.00216 5.92694 4.91227 3.0379 3.01571 1.884 1.43842 1.32475
threshold=0.89500000000000013 0.31500000000000006 1.3803035793220904 32.500000000000007 0.38484550225376118 2.750000000000004 0.56416666666666693 0.79500000000000015 0.28801634902282153 54.150000000000013 0.20548693666531911 0.58291666666666686 0.17833333333333348 17.323013922885334
decision_type=10 10 2 2 2 2 2 2 2 10 2 2 2 2
left_child=1 5 3 -2 -5 8 9 10 12 13 11 -8 -1 -3
right_child=2 6 -4 4 -6 -7 7 -9 -10 -11 -12 -13 -14 -15
leaf_value=-0.011614702738250486 -0.0016222296436483573 -0.0029322461067172708 0.035193000358294667 0.026621847775052578 0.0066435051930417849 0.0087305670231580725 0.014511079249363816 0.018925867900402557 0.0021803725421889113 0.011333831691643521 -0.0046580651022980297 0.003317266171834208 -0.0087991839561382731 0.0012471253031678014
leaf_weight=716 56 903 123 68 63 40 44 62 89 44 112 258 1238 240
leaf_count=697 47 874 65 39 42 31 32 37 78 36 107 250 1191 207
internal_value=-0.00293474 -0.0049039 0.0208604 0.0114331 0.0170139 -0.00896123 0.000178126 0.00450849 -0.00930762 -0.0015584 0.00234937 0.00494815 -0.00983087 -0.00205469
internal_weight=4056 3746 310 187 131 2083 1663 476 2043 1187 414 302 1954 1143
internal_count=3733 3540 193 128 81 1997 1543 426 1966 1117 389 282 1888 1081
is_linear=0
shrinkage=0.05


Tree=11
num_leaves=15
num_cat=0
split_feature=94 85 26 153 85 100 146 48 23 146 64 58 58 21
split_gain=89.4054 35.2316 10.2748 9.10816 6.09696 5.90231 4.87954 3.44919 3.26922 3.88241 2.66337 2.29483 2.74668 2.28592
threshold=1.3783333333333336 0.39500000000000007 69.786348799665802 53.291666666666671 0.21500000000000002 0.6395833333333335 44.550000000000004 0.87500000000000011 80.708333333333343 49.150000000000013 0.46436003598020231 0.2129150934159964 0.12342339054382873 32.583333333333336
decision_type=10 10 2 2 10 2 10 2 2 10 2 2 2 2
left_child=1 4 5 -2 -1 11 -6 10 -8 -10 13 12 -3 -7
right_child=3 2 -4 -5 6 7 8 -9 9 -11 -12 -13 -14 -15
leaf_value=-0.010220261922494199 0.021391030678098076 -0.00082065982591491811 0.024774383076903772 0.04309983912855387 0.010882344212796954 0.003578778326162975 -0.0067224780600246455 0.018120711117912185 -0.0042987239353484315 0.01414448790074814 -0.0020697634835441662 -0.011692802305592019 0.010810230336048538 0.013673808251289613
leaf_weight=1200 122 846 49 80 45 139 1149 56 89 42 101 45 54 94
leaf_count=1160 78 811 28 35 36 136 1098 32 83 32 95 43 42 63
internal_value=-0.00244802 -0.0041242 0.00228739 0.0299886 -0.00763852 0.00146202 -0.00530033 0.00663718 -0.00586925 0.00161437 0.0047118 -0.000673759 -0.000122806 0.00765145
internal_weight=4111 3909 1384 202 2525 1335 1325 390 1280 131 334 945 900 233
internal_count=3772 3659 1250 113 2409 1222 1249 326 1213 115 294 896 853 199
is_linear=0
shrinkage=0.05


Tree=12
num_leaves=15
num_cat=0
split_feature=85 94 101 47 85 19 11 90 100 88 24 146 160 92
split_gain=85.695 23.763 23.2173 6.21166 5.16296 4.36581 4.00025 2.77315 2.4756 3.04431 1.93569 2.15749 2.157 1.6968
threshold=0.89500000000000013 0.41000000000000009 0.92340246156575445 0.77500000000000013 0.20500000000000004 36.166666666666679 35.500000000000007 0.29500000000000004 0.25303728070175446 0.23500000000000001 27.845879604123038 48.750000000000007 48.350000000000001 -0.049999999999999954
decision_type=10 10 2 2 10 2 2 10 2 10 2 10 2 10
left_child=1 4 6 7 -1 -4 -2 -3 -6 -10 12 -12 -11 -9
right_child=2 3 5 -5 8 -7 -8 13 9 10 11 -13 -14 -15
leaf_value=-0.0099462665784604345 -0.00077336444118686148 0.0094645528720177126 0.02755979856476188 0.014211820749847524 -0.0078307975327617692 0.044402756197731708 0.015115171197010616 -0.0047673674546515679 0.0082028735648183269 -0.0060552512685731284 -0.0045515727318930803 0.010586497692261325 0.0049260660810735626 0.00052972193680768333
leaf_weight=1081 61 76 75 86 603 79 113 185 51 654 52 43 48 827
leaf_count=1047 47 61 44 57 578 36 68 178 40 632 51 29 42 788
internal_value=-0.00243614 -0.00460417 0.0220599 0.00127567 -0.00733044 0.0362 0.00954505 0.000253146 -0.00538165 -0.00364009 -0.00439792 0.0023004 -0.00530439 -0.00043862
internal_weight=4034 3706 328 1174 2532 154 174 1088 1451 848 797 95 702 1012
internal_count=3698 3503 195 1084 2419 80 115 1027 1372 794 754 80 674 966
is_linear=0
shrinkage=0.05


Tree=13
num_leaves=15
num_cat=0
split_feature=94 85 146 56 88 85 171 160 58 64 88 80 23 100
split_gain=76.7339 28.3689 8.22772 5.73121 5.91206 5.28798 5.41755 3.39847 3.16176 2.11765 1.77643 1.78105 1.41475 2.26613
threshold=1.3783333333333336 0.42500000000000004 52.95000000000001 0.14499999999999999 0.63500000000000012 0.24500000000000002 1.0969655114600096 48.650000000000013 0.1400000000000001 0.2766921191915484 0.49500000000000005 3.8220833333333339 79.708333333333357 0.35729166666666673
decision_type=10 10 10 2 10 10 2 2 2 2 10 2 2 2
left_child=1 5 -2 7 8 9 12 10 -5 -1 -3 -12 -7 -14
right_child=2 3 -4 4 -6 6 -8 -9 -10 -11 11 -13 13 -15
leaf_value=-0.00895203081471725 0.018092959518650208 -0.0026086920994716004 0.039259102738772832 0.010687584945426104 0.023575501169188551 -0.0055103835932758301 0.013489917271016611 0.0093062944200804128 -0.0060490360594880974 0.0027005208819173279 0.00084753180978141781 0.010241236044177121 0.007749570648778569 -0.0059003157886977804
leaf_weight=1544 88 390 96 73 59 909 42 109 46 40 510 56 55 68
leaf_count=1489 58 373 47 57 33 870 32 72 41 35 493 47 43 66
internal_value=-0.00241728 -0.00390557 0.0291362 0.00232956 0.0106342 -0.0068214 -0.004113 0.000941546 0.00421797 -0.00865777 -1.21752e-05 0.00177694 -0.00482939 0.000203292
internal_weight=4085 3901 184 1243 178 2658 1074 1065 119 1584 956 566 1032 123
internal_count=3756 3651 105 1116 131 2535 1011 985 98 1524 913 540 979 109
is_linear=0
shrinkage=0.05


Tree=14
num_leaves=15
num_cat=0
split_feature=85 101 85 19 64 63 55 146 88 156 154 151 9 85
split_gain=74.281 18.4004 17.3715 10.7523 5.30271 8.14048 3.97814 2.65193 2.25524 2.12881 1.96891 1.92826 1.5988 1.52163
threshold=0.89500000000000013 0.74595802843433834 0.35500000000000004 35.833333333333336 0.28801634902282153 0.37479166666666675 0.045000000000000026 53.410000000000004 0.23500000000000001 0.58371199019209052 2.1406368972178602 51.25 127.50000000000001 0.47500000000000003
decision_type=10 2 10 2 2 2 2 10 10 2 2 2 2 10
left_child=2 7 4 -3 8 -6 13 -2 -1 -8 12 -11 -10 -4
right_child=1 3 6 -5 5 -7 9 -9 10 11 -12 -13 -14 -15
leaf_value=-0.0086993741918469022 0.002403911253398595 0.019370116869157013 -0.0030339794348805235 0.044304201103308627 0.018927566511366442 -0.0083410118427690912 0.01392258468138821 0.015432700635932817 -0.0065835521595356819 -0.0027469046158262586 0.0052784130840403285 0.010228565409546718 0.0024150007334098503 0.00053436975148832223
leaf_weight=1424 90 88 519 85 49 62 68 69 719 67 41 50 53 704
leaf_count=1374 65 56 501 40 36 60 49 39 689 63 36 37 45 669
internal_value=-0.00233352 0.0203363 -0.00433735 0.031621 -0.00697051 0.00369647 5.37517e-05 0.00805791 -0.00749981 0.00688714 -0.00539873 0.00279817 -0.00596578 -0.000979917
internal_weight=4088 332 3756 173 2348 111 1408 159 2237 185 813 117 772 1223
internal_count=3759 200 3559 96 2240 96 1319 104 2144 149 770 100 734 1170
is_linear=0
shrinkage=0.05


Tree=15
num_leaves=15
num_cat=0
split_feature=85 96 146 26 100 23 85 155 90 52 117 89 145 19
split_gain=70.7642 22.9128 8.81371 7.04964 4.15478 4.02706 3.82764 3.67869 9.96868 2.70856 2.48328 1.99793 1.84814 1.72044
threshold=1.405 0.37666666666666687 52.850000000000001 69.786348799665802 0.6395833333333335 33.208333333333336 0.20500000000000004 45.587500000000013 0.41500000000000004 0.15500000000000003 0.075625000000000012 0.91500000000000015 53.750000000000007 113.33333333333336
decision_type=10 2 8 2 2 2 10 2 10 2 8 10 10 2
left_child=1 6 -2 4 9 11 -1 8 -8 12 -7 -6 -3 -9
right_child=2 3 -4 -5 5 10 7 13 -10 -11 -12 -13 -14 -15
leaf_value=-0.0085308550330260007 0.016936789971283252 -0.00028811649507249471 0.039044488058425489 0.019775817140151621 0.003407838864335472 0.0063801094323396694 -0.0091603016946464784 -0.0058441921575646469 0.022849138800141423 -0.0065339320596318282 0.018490792613010853 -0.0072212880415221063 0.0091016954497068325 0.0011005998382671285
leaf_weight=1097 85 816 96 51 168 125 56 1106 43 173 64 60 56 97
leaf_count=1058 55 782 48 29 162 95 56 1060 29 168 39 51 43 82
internal_value=-0.001902 -0.00331615 0.0286624 0.00150228 0.000864833 0.00508433 -0.00635504 -0.0045218 0.00474279 -0.000818927 0.0104811 0.0006107 0.000314899 -0.00528422
internal_weight=4093 3912 181 1513 1462 417 2399 1302 99 1045 189 228 872 1203
internal_count=3757 3654 103 1369 1340 347 2285 1227 85 993 134 213 825 1142
is_linear=0
shrinkage=0.05


Tree=16
num_leaves=15
num_cat=0
split_feature=94 94 82 26 157 100 98 57 97 90 99 24 175 63
split_gain=64.2772 21.5766 9.84768 9.37199 4.33776 3.39519 3.0202 2.05971 1.95722 3.45528 1.86525 1.77745 1.68988 1.43315
threshold=1.3783333333333336 0.40833333333333344 3.6606250000000005 64.912628570976224 44.056213768115946 0.59354166666666686 0.20208333333333336 0.7950000000000006 0.25479373219119106 0.28500000000000009 0.10221039696186536 28.266308082658963 0.2625629651928823 0.25333333333333347
decision_type=10 10 2 2 2 2 2 2 10 10 2 2 2 2
left_child=1 4 -2 5 -1 8 -6 10 9 -3 -7 -8 -13 -11
right_child=2 3 -4 -5 6 7 11 -9 -10 13 -12 12 -14 -15
leaf_value=0.0096514196092770867 0.035528427720883819 0.012219513340067923 0.01144726574420929 0.02197662552768764 -0.0083304797614536866 0.0053531705751408837 -0.0054300589112351539 0.013068410533887801 -0.011312466257706632 -0.00054048469827634228 -0.0019495363468420694 0.0065154764335602529 -0.0035416511945186358 -0.0083934781943753485
leaf_weight=44 119 51 66 56 992 291 1329 60 43 630 125 62 128 64
leaf_count=37 62 40 44 31 957 259 1283 38 40 601 120 47 113 62
internal_value=-0.0018556 -0.00323023 0.0269373 0.00196057 -0.00591197 0.00107378 -0.00618469 0.00440795 -0.000940265 -0.000341601 0.00315885 -0.00478336 -0.000259852 -0.00126468
internal_weight=4060 3875 185 1320 2555 1264 2511 476 788 745 416 1519 190 694
internal_count=3734 3628 106 1191 2437 1160 2400 417 743 703 379 1443 160 663
is_linear=0
shrinkage=0.05


Tree=17
num_leaves=15
num_cat=0
split_feature=47 85 172 175 98 54 146 59 18 91 87 7 85 157
split_gain=68.4431 19.4323 16.056 6.24473 4.78356 2.94952 2.78768 2.7636 2.37482 3.0258 1.83184 2.98356 1.55791 1.90939
threshold=1.2100000000000002 0.31500000000000006 47.408333333333339 0.98110930350373327 0.8995833333333334 0.11000000000000001 54.150000000000013 0.31583333333333341 63.500000000000007 -0.25499999999999989 0.48500000000000004 -0.93022279308917166 0.18500000000000003 45.777083333333344
decision_type=2 10 2 2 2 2 10 2 2 8 10 2 10 2
left_child=1 7 -2 5 6 8 -5 12 9 -3 -11 -12 -1 -14
right_child=2 3 -4 4 -6 -7 -8 -9 -10 10 11 -13 13 -15
leaf_value=-0.008182258114321701 0.0080990024507428485 -0.01358670323693925 0.037442241808356244 -0.0012664889500592835 0.021990805674682964 0.010834331763513639 0.014519249597499366 0.0045440219383102703 0.0088736404371502434 -0.0022085533750895916 0.011135098396459528 0.00021829709754200957 0.001159379029231073 -0.0059818541933761918
leaf_weight=841 73 46 129 80 55 59 43 58 64 775 70 591 102 1137
leaf_count=813 49 42 61 77 29 43 33 50 42 746 56 564 87 1097
internal_value=-0.00154452 -0.00300672 0.026838 0.000847726 0.00973316 -0.0001377 0.0042521 -0.00622116 -0.000556425 -0.000963662 -0.000559303 0.00137439 -0.00652134 -0.00539396
internal_weight=4123 3921 202 1783 178 1605 123 2138 1546 1482 1436 661 2080 1239
internal_count=3789 3679 110 1632 139 1493 110 2047 1450 1408 1366 620 1997 1184
is_linear=0
shrinkage=0.05


Tree=18
num_leaves=15
num_cat=0
split_feature=96 96 155 47 101 136 174 83 97 58 157 145 100 63
split_gain=61.3504 17.6472 11.6125 5.89079 3.85639 8.53063 2.71146 1.74694 2.50346 2.57908 1.44753 1.0988 1.08969 0.945752
threshold=1.3800000000000001 0.33166666666666694 53.045833333333341 0.83500000000000008 0.25794313736865787 0.059583333333333342 48.94166666666667 0.28425196882207843 0.25479373219119106 0.15878923099761436 48.527083333333344 54.050000000000004 0.1935416666666667 0.058750000000000038
decision_type=2 2 2 2 2 10 2 2 10 2 2 10 2 2
left_child=1 4 -2 6 12 -6 7 8 9 10 -3 13 -1 -12
right_child=2 3 -4 -5 5 -7 -8 -9 -10 -11 11 -13 -14 -15
leaf_value=-0.007847042788528916 0.016178680343096549 -0.0036092122876647372 0.041788633363811598 0.011856272005799997 -0.0066498226175705603 0.017805176812948454 0.007802172548771422 0.0063202119747094894 -0.0087567203336455426 0.0095213263310142803 0.0014270225676122092 0.0080430829870449597 -0.0054728996418135709 -0.0018203069671007697
leaf_weight=812 106 331 76 115 105 54 108 91 93 64 465 43 1194 433
leaf_count=782 69 322 35 75 99 41 73 79 89 47 448 35 1141 418
internal_value=-0.00150355 -0.00282507 0.0268729 0.00091957 -0.00583981 0.00165565 0.000147015 -0.000396905 -0.000824657 -0.000272499 -0.000765271 0.000235096 -0.00643392 -0.000138783
internal_weight=4090 3908 182 1743 2165 159 1628 1520 1429 1336 1272 941 2006 898
internal_count=3753 3649 104 1586 2063 140 1511 1438 1359 1270 1223 901 1923 866
is_linear=0
shrinkage=0.05


Tree=19
num_leaves=15
num_cat=0
split_feature=94 94 153 26 169 13 155 170 64 18 85 94 99 101
split_gain=71.1531 16.0271 8.87934 7.13848 3.66844 2.90163 3.12523 4.30493 2.68819 5.22174 1.72773 1.68172 1.55165 1.38927
threshold=1.4916666666666669 0.38833333333333347 53.291666666666671 64.912628570976224 3.0500000000000012 32.500000000000007 52.870833333333344 43.183333333333344 0.24165620065203972 -9.4999999999999982 0.28500000000000009 0.7316666666666668 0.03663910810093645 0.23427017731908042
decision_type=10 10 2 2 2 2 2 2 2 2 10 10 2 2
left_child=1 4 -2 5 8 11 7 -7 10 -10 -1 -3 -8 -9
right_child=2 3 -4 -5 -6 6 12 13 9 -11 -12 -13 -14 -15
leaf_value=-0.0064485932825057409 0.018818134588614241 -0.00013413029083283898 0.040098239377487542 0.019259213113903325 0.0099612645013257874 0.012715086442339646 0.0056464249783505999 0.0005828909261491272 0.013797217303500423 -0.0055821393935198867 -0.0030544597167892085 -0.0080990696582982011 0.016384848670606487 -0.0080029069107277785
leaf_weight=1794 114 833 86 55 40 68 75 207 53 101 474 72 61 61
leaf_count=1728 73 800 38 30 32 49 52 195 40 97 447 69 39 59
internal_value=-0.00111688 -0.00261074 0.0279686 0.00159529 -0.00505714 0.000889761 0.00406793 0.00147949 -0.00530517 0.00108738 -0.00573924 -0.000767805 0.0104629 -0.00137134
internal_weight=4094 3894 200 1432 2462 1377 472 336 2422 154 2268 905 136 268
internal_count=3748 3637 111 1293 2344 1263 394 303 2312 137 2175 869 91 254
is_linear=0
shrinkage=0.05


Tree=20
num_leaves=15
num_cat=0
split_feature=47 172 85 173 176 85 155 83 90 11 100 163 157 119
split_gain=63.7534 18.1824 14.33 3.23993 3.27757 3.16814 3.36888 9.17945 2.99035 2.25593 2.72483 1.96276 2.46622 1.88254
threshold=1.2100000000000002 47.408333333333339 0.42500000000000004 1.2994212205359379 47.710416666666681 0.20500000000000004 45.485416666666673 0.13537621714080705 0.46500000000000002 132.50000000000003 0.39020833333333343 42.63750000000001 47.193750000000009 0.06187499999999941
decision_type=2 2 10 2 2 10 2 2 10 2 2 2 2 8
left_child=2 -2 5 4 11 -1 7 -7 -6 -8 -11 -4 -13 -10
right_child=1 -3 3 -5 8 6 9 -9 13 10 -12 12 -14 -15
leaf_value=-0.0067893170850520553 0.0061775829282899701 0.037006874674592509 -0.007269704346063441 0.012261194694271711 0.01777211367088603 -0.0067119475083018193 -0.0044833956966643896 0.023158787294875745 0.0092182624459600272 0.010402730813828009 -0.0056120041601017724 0.010102751987914627 -1.3423095796148578e-05 -0.0028211606891884928
leaf_weight=1096 75 132 84 70 50 64 1303 43 67 58 49 65 824 63
leaf_count=1061 53 62 78 54 32 59 1255 30 42 43 47 51 787 59
internal_value=-0.00119178 0.0258368 -0.00265031 0.00181663 0.00118253 -0.00474103 -0.00326119 0.00529218 0.00738053 -0.00391028 0.00306888 3.59333e-05 0.00072623 0.00338377
internal_weight=4043 207 3836 1223 1153 2613 1517 107 180 1410 107 973 889 130
internal_count=3713 115 3598 1103 1049 2495 1434 89 133 1345 90 916 838 101
is_linear=0
shrinkage=0.05


Tree=21
num_leaves=15
num_cat=0
split_feature=85 94 47 24 85 91 146 161 145 141 11 157 83 97
split_gain=57.9399 15.1245 8.93548 3.27067 2.86461 2.80654 2.34715 7.0479 2.25154 2.84869 1.68094 3.02137 1.25486 1.87691
threshold=2.0500000000000003 0.41000000000000009 0.77500000000000013 14.905510159827877 0.20500000000000004 -0.22499999999999995 46.45000000000001 43.150000000000013 53.750000000000007 53.120000000000012 132.50000000000003 49.07500000000001 0.29765857518641087 0.22796198091435335
decision_type=10 10 2 2 10 8 10 2 10 10 2 2 2 10
left_child=1 4 5 -4 -1 -3 7 -6 12 -10 -8 -12 13 -7
right_child=-2 2 3 -5 6 8 10 -9 9 -11 11 -13 -14 -15
leaf_value=-0.0064026750833280494 0.031481580238676435 -0.012222229705260296 0.0051302162324270567 0.020239894520715777 -0.0051287403081723753 0.00042138903720577257 -0.00429090557593448 0.015049940202494755 0.016394562020158286 0.0019217508210596292 -0.0054901493156292273 0.012619240333636603 0.0080621667039979788 -0.0086313301834781645
leaf_weight=1094 132 41 63 83 119 933 1193 68 51 102 51 42 49 61
leaf_count=1056 74 36 46 45 112 888 1147 55 32 82 50 32 41 60
internal_value=-0.00110463 -0.00219358 0.00202157 0.01372 -0.00446455 0.000640841 -0.00302509 0.00220896 0.0010818 0.00674602 -0.00378619 0.00268828 0.000250902 -0.00013416
internal_weight=4082 3950 1383 146 2567 1237 1473 187 1196 153 1286 93 1043 994
internal_count=3756 3682 1230 91 2452 1139 1396 167 1103 114 1229 82 989 948
is_linear=0
shrinkage=0.05


Tree=22
num_leaves=15
num_cat=0
split_feature=85 85 15 47 156 100 171 155 63 91 176 9 145 101
split_gain=59.3404 14.2727 8.39629 6.25666 4.81836 3.15547 3.86817 3.33915 6.72763 2.67461 2.11722 1.86384 1.46269 1.3376
threshold=1.8200000000000003 0.43500000000000005 34.500000000000007 0.71000000000000008 0.74759715714787223 0.25104166666666677 0.90184995056388317 45.587500000000013 0.1020833333333334 -0.22499999999999995 47.737500000000004 31.500000000000004 54.050000000000004 0.051832366246248748
decision_type=10 10 2 2 2 2 2 2 2 8 2 2 10 2
left_child=1 5 -2 9 -5 -1 7 8 -7 -3 12 -12 -11 -9
right_child=2 3 -4 4 -6 6 -8 13 -10 10 11 -13 -14 -15
leaf_value=-0.0056318016364679674 0.039444820142605086 -0.011748832525918261 0.016052130237221719 0.018470791617129959 -5.4886777546595445e-05 -0.0054379780638825013 0.011531271817630671 -0.0018641891919346236 0.021426236896673445 -2.634028606519508e-05 -0.00010535186795177245 0.010510235565231632 0.0096456168015010488 -0.0054507276189267994
leaf_weight=1592 88 40 68 97 55 54 49 526 41 839 67 108 41 514
leaf_count=1531 44 36 44 60 39 51 39 500 30 805 63 68 32 495
internal_value=-0.00100871 -0.00218198 0.029248 0.00226152 0.0117674 -0.00417803 -0.00222329 -0.0028171 0.00615605 0.000941977 0.00142314 0.00644598 0.000424285 -0.00363677
internal_weight=4179 4023 156 1247 152 2776 1184 1135 95 1095 1055 175 880 1040
internal_count=3837 3749 88 1103 99 2646 1115 1076 81 1004 968 131 837 995
is_linear=0
shrinkage=0.05


Tree=23
num_leaves=15
num_cat=0
split_feature=94 146 94 26 169 90 97 176 88 24 24 23 90 158
split_gain=56.418 10.6273 9.85382 7.01611 3.4773 2.10945 3.55702 1.86844 1.6155 1.61424 1.84121 3.32049 1.30995 1.2292
threshold=1.4916666666666669 52.95000000000001 0.39166666666666677 69.786348799665802 3.0500000000000012 0.28500000000000009 0.13264584454999592 47.685416666666676 0.20500000000000004 26.666500945603712 46.204379492123095 80.708333333333343 0.51500000000000012 0.65733734677055666
decision_type=10 8 10 2 2 10 10 2 10 2 2 2 10 2
left_child=2 -2 4 5 8 6 -4 12 -1 -10 11 -11 -7 -9
right_child=1 -3 3 -5 -6 7 -8 13 9 10 -12 -13 -14 -15
leaf_value=-0.0057875173753140193 0.012611966744686169 0.03597531092335593 0.015171604203709142 0.019481440588831903 0.010326483795737348 -0.002459355731837096 -0.0024481791330294477 -0.0016381652216382681 -0.0038618715976777894 -0.0028234494803473353 -0.0056638221756448275 0.014529448525304451 0.0011347520367699783 0.0067444077285879356
leaf_weight=1097 90 106 61 50 41 635 54 63 1211 60 61 51 422 143
leaf_count=1056 59 53 41 27 34 615 51 57 1166 54 51 40 399 104
internal_value=-0.000936532 0.0252472 -0.00223611 0.00108246 -0.00411588 0.000414867 0.00689797 -0.000175439 -0.00435465 -0.00321809 0.00131455 0.0051495 -0.00102443 0.00418081
internal_weight=4145 196 3949 1428 2521 1378 115 1263 2480 1383 172 111 1057 206
internal_count=3807 112 3695 1294 2401 1267 92 1175 2367 1311 145 94 1014 161
is_linear=0
shrinkage=0.05


Tree=24
num_leaves=15
num_cat=0
split_feature=85 87 47 145 9 90 175 7 58 87 100 143 26 150
split_gain=52.029 11.7429 10.6221 2.30034 3.46973 2.12663 8.76938 1.74477 1.67562 1.56587 1.64636 1.52619 1.26503 1.25535
threshold=2.0500000000000003 0.38500000000000006 1.2100000000000002 53.95000000000001 41.500000000000007 0.55500000000000016 0.47950416309580352 -0.75797172314545291 0.11547005383792765 0.76500000000000012 0.57270833333333349 52.650000000000013 23.871842159348756 0.85000000000000153
decision_type=10 10 2 10 2 8 2 2 2 10 2 10 2 10
left_child=1 5 3 7 -5 -1 -7 8 11 10 -9 -3 -11 -12
right_child=-2 2 -4 4 -6 6 -8 9 -10 12 13 -13 -14 -15
leaf_value=-0.0044705558105912879 0.029308432811007337 -0.00029730539354753103 0.018437576173296708 0.00092904811479254746 0.017690346441776594 -0.004644609464177241 0.021203856449019873 -0.0019698660818051037 0.01261011516425486 -0.012946403580281186 0.00090789856052899548 0.0092506485015927068 -0.0016900566639378668 0.0090432010862029726
leaf_weight=2269 138 199 88 90 47 150 42 591 41 48 213 53 52 61
leaf_count=2166 77 189 51 76 28 142 31 568 30 46 204 41 46 53
internal_value=-0.000869191 -0.0019251 0.00158949 0.000526676 0.00667927 -0.004043 0.00100974 -0.000143361 0.00323596 -0.00116941 -0.000484593 0.0017108 -0.0070931 0.00271904
internal_weight=4082 3944 1483 1395 137 2461 192 1258 293 965 865 252 100 274
internal_count=3748 3671 1332 1281 104 2339 173 1177 260 917 825 230 92 257
is_linear=0
shrinkage=0.05


Tree=25
num_leaves=15
num_cat=0
split_feature=85 94 47 83 177 92 13 70 119 87 7 85 98 52
split_gain=46.4678 10.3674 7.57181 5.52636 2.6083 2.04816 1.88305 2.35385 1.67568 1.60972 1.60177 1.36324 1.17042 1.09023
threshold=2.0500000000000003 0.40833333333333344 1.2100000000000002 0.19829657316546648 4.648916857026399 -0.49499999999999994 38.500000000000007 3.8350000000000004 0.06187499999999941 0.20500000000000004 -0.73253925216600013 0.77500000000000013 0.49791666666666673 0.12500000000000003
decision_type=10 10 2 2 2 10 2 2 8 10 2 10 2 2
left_child=1 4 5 -2 9 -3 8 10 -7 -1 -8 12 -10 -14
right_child=3 2 -4 -5 -6 6 7 -9 11 -11 -12 -13 13 -15
leaf_value=-0.0054289617190799626 0.017379140911774862 -0.0084957418979098222 0.01552432795556692 0.036905826722652142 0.0081454744189977651 0.0086128211902597781 0.010356092351838014 0.013360382178087988 -0.0021691402281260575 -0.002870416752243754 0.00040735787308976971 -0.009202528693607416 0.0029014807401150735 -0.0031475246241806374
leaf_weight=1101 74 59 91 71 45 52 50 59 389 1392 212 44 345 95
leaf_count=1060 45 50 53 37 39 39 36 42 376 1330 189 42 326 90
internal_value=-0.000856814 -0.00188137 0.00157955 0.0269405 -0.00378501 0.000607153 0.00103819 0.00433778 -0.000106858 -0.00400036 0.00230597 -0.000626244 -0.000171049 0.00159545
internal_weight=4079 3934 1396 145 2538 1305 1246 321 925 2493 262 873 829 440
internal_count=3754 3672 1243 82 2429 1190 1140 267 873 2390 225 834 792 416
is_linear=0
shrinkage=0.05


Tree=26
num_leaves=15
num_cat=0
split_feature=94 18 96 56 144 143 58 53 61 155 62 24 152 70
split_gain=52.6384 10.8076 8.55595 4.48032 6.73645 5.28 2.68084 2.01989 1.68133 1.37918 1.26715 0.809232 0.788529 0.765277
threshold=1.4916666666666669 -1.4999999999999998 0.31000000000000022 0.090000000000000011 52.850000000000001 46.95000000000001 0.15878923099761436 0.46500000000000002 0.07958333333333327 53.262500000000003 0.20172628710966481 36.877957570934178 0.17320508075960431 3.8350000000000004
decision_type=10 2 2 2 10 10 2 2 2 2 2 2 2 2
left_child=2 -2 7 6 5 -5 8 -1 9 11 -7 -4 -11 -10
right_child=1 -3 3 4 -6 10 -8 -9 13 12 -12 -13 -14 -15
leaf_value=-0.0044555900616295241 0.014544800196964186 0.03887218260717374 -0.00077947785620419998 0.014317133432607458 0.020924406272954207 0.00095976809764491229 0.0084839125408325347 0.0037959742934334201 -0.0040143523461087221 0.0093774323339842394 -0.0092768225092756552 0.0060259168190658907 0.0013336125558005675 0.0025180399641394615
leaf_weight=2014 103 82 867 58 63 62 80 77 434 59 59 46 63 50
leaf_count=1934 64 39 845 41 37 55 61 68 419 36 47 41 54 43
internal_value=-0.000736889 0.0253277 -0.00196323 0.000522467 0.00686283 0.00191378 -0.000437113 -0.00415173 -0.000906949 0.0002306 -0.00403163 -0.000436599 0.00522366 -0.00333952
internal_weight=4117 185 3932 1841 242 179 1599 2091 1519 1035 121 913 122 484
internal_count=3784 103 3681 1679 180 143 1499 2002 1438 976 102 886 90 462
is_linear=0
shrinkage=0.05


Tree=27
num_leaves=15
num_cat=0
split_feature=94 64 94 146 9 64 83 15 93 1 78 52 23 98
split_gain=42.0985 13.6508 7.89491 3.13429 2.78579 2.1114 2.08193 2.04006 2.6641 1.80657 1.78133 1.47893 0.995719 1.02734
threshold=1.4916666666666669 1.445837175035616 0.31500000000000017 53.95000000000001 41.500000000000007 0.28801634902282153 0.28425196882207843 189.50000000000003 0.39500000000000002 3.5000000000000004 3.4225000000000008 0.22500000000000003 80.708333333333343 0.49791666666666673
decision_type=10 2 10 10 2 2 2 2 10 2 2 2 2 2
left_child=2 -2 5 6 -5 -1 7 8 10 -8 -4 12 13 -12
right_child=1 -3 3 4 -6 -7 9 -9 -10 -11 11 -13 -14 -15
leaf_value=-0.0043217446503241389 0.0077279013413262656 0.035221316462213346 0.0065124996759284223 0.0021580588108990927 0.01593201518668954 0.0037221361929550764 0.00023714366614959153 0.0071777940202809995 -0.012998731650295667 0.013419438541099869 -0.00195748898525016 -0.0048407632401999794 0.0059683256182756468 0.0011651744340331813
leaf_weight=2027 83 99 82 100 58 85 53 80 45 51 654 219 59 441
leaf_count=1941 56 47 68 80 37 73 46 67 41 35 631 206 47 421
internal_value=-0.000829229 0.0226831 -0.00191149 0.000480878 0.00721432 -0.00399801 -0.000150883 -0.000601928 -0.00101685 0.00670154 -0.000646273 -0.00107382 -0.000358947 -0.000699868
internal_weight=4136 182 3954 1842 158 2112 1684 1580 1500 104 1455 1373 1154 1095
internal_count=3796 103 3693 1679 117 2014 1562 1481 1414 81 1373 1305 1099 1052
is_linear=0
shrinkage=0.05


Tree=28
num_leaves=15
num_cat=0
split_feature=96 47 164 151 85 92 54 90 97 56 94 146 62 99
split_gain=46.342 10.4325 7.32883 5.58415 5.03525 2.44 1.65251 1.35284 1.27479 1.20745 1.105 1.00516 0.868829 0.779695
threshold=2.7741666666666673 0.77500000000000013 47.550000000000004 47.316666666666677 0.36500000000000005 -0.33499999999999996 0.050000000000000037 0.53500000000000014 0.10985582776161619 -0.31499999999999989 0.93166666666666675 43.550000000000004 0.057761264151354165 0.13374981969055841
decision_type=2 2 2 2 10 10 2 8 10 2 10 10 2 2
left_child=1 4 3 -3 9 -6 7 8 13 -1 12 -11 -9 -7
right_child=-2 2 -4 -5 5 6 -8 10 -10 11 -12 -13 -14 -15
leaf_value=0.0033258134463297513 0.030132045602362795 0.012284516752697528 0.022978255170077753 -0.0084107093467209182 -0.010159746772634598 -0.00082292724678775645 0.0079159667405535959 0.0023930524991884233 -0.0063556509869494154 0.0037127433279745799 0.009125449170595875 -0.0040047200322422122 -0.0033632130228215835 0.0061192189629235699
leaf_weight=60 118 70 67 61 56 681 71 363 103 43 51 2244 80 43
leaf_count=53 60 44 38 48 53 652 58 341 99 39 31 2160 73 35
internal_value=-0.00074902 -0.00166161 0.0095273 0.00264781 -0.00224538 7.3334e-05 0.00048501 8.56168e-05 -0.00115105 -0.00367592 0.00215591 -0.00385962 0.00135355 -0.000410617
internal_weight=4111 3993 198 131 3795 1448 1392 1321 827 2347 494 2287 443 724
internal_count=3784 3724 130 92 3594 1342 1289 1231 786 2252 445 2199 414 687
is_linear=0
shrinkage=0.05


end of trees

feature_importances:
treated_ntu_lag1=49
treated_ntu_rollmean3=24
raw_water_flow_lag12=19
filtered_ntu=15
treated_ntu_rollmean24=14
treated_ntu_rollstd24=14
filtered_ntu_rollstd24=13
raw_water_ntu_rollstd12=11
raw_water_ntu_rollstd24=11
treated_ntu_rollmean6=11
raw_water_flow_rollmean12=10
raw_water_ntu_rollmean12=9
raw_water_ntu=8
filtered_ntu_rollstd3=8
treated_ntu_lag24=8
raw_water_flow_rollmean24=8
treated_ntu_lag3=7
treated_ntu_rollstd6=7
raw_water_flow_lag6=7
treated_ntu_lag6=6
treated_ntu_change1=6
treated_ntu_rollmean12=6
filtered_ntu_change3=5
filtered_ntu_rollmean24=5
clear_well_level_rollstd24=5
treated_water_flow_rollstd12=5
week_cos=4
raw_water_ntu_lag2=4
raw_water_ntu_change6=4
filtered_ntu_lag12=4
filtered_ntu_change6=4
treated_ntu_change3=4
raw_water_flow_rollmean6=4
treated_water_flow_rollmean24=4
raw_water_ntu_lag24=3
raw_water_ntu_rollmean3=3
filtered_ntu_change1=3
treated_ntu_rollstd12=3
treated_water_flow=3
treated_water_flow_change6=3
treated_water_flow_rollmean6=3
treated_water_flow_rollstd24=3
raw_water_ntu_lag1=2
raw_water_ntu_lag3=2
raw_water_ntu_lag6=2
filtered_ntu_lag1=2
filtered_ntu_rollmean12=2
filtered_ntu_rollstd12=2
clear_well_level_lag6=2
clear_well_level_rollmean6=2
clear_well_level_rollmean12=2
alum_feed_rate_rollmean24=2
raw_water_flow_lag2=2
raw_water_flow_rollmean3=2
raw_water_flow_rollstd3=2
raw_water_flow_rollstd12=2
treated_water_flow_lag1=2
treated_water_flow_rollstd3=2
treated_water_flow_rollstd6=2
treated_water_flow_rollmean12=2
weekday=1
raw_water_ntu_rollmean6=1
filtered_ntu_lag2=1
filtered_ntu_lag3=1
filtered_ntu_lag24=1
filtered_ntu_rollmean3=1
filtered_ntu_rollmean6=1
clear_well_level_rollstd3=1
clear_well_level_rollmean24=1
treated_ntu_lag12=1
treated_ntu_change6=1
alum_feed_rate_rollmean12=1
alum_dosage_rollmean12=1
raw_water_flow=1
raw_water_flow_lag3=1
raw_water_flow_change6=1
raw_water_flow_rollstd6=1
raw_water_flow_rollstd24=1
treated_water_flow_lag2=1
treated_water_flow_lag3=1
treated_water_flow_lag6=1
treated_water_flow_lag24=1
treated_water_flow_rollmean3=1

parameters:
[boosting: gbdt]
[objective: huber]
[metric: huber]
[tree_learner: serial]
[device_type: cpu]
[data_sample_strategy: bagging]
[data: ]
[valid: ]
[num_iterations: 29]
[learning_rate: 0.05]
[num_leaves: 15]
[num_threads: 1]
[seed: 2026]
[deterministic: 1]
[force_col_wise: 1]
[force_row_wise: 0]
[histogram_pool_size: -1]
[max_depth: -1]
[min_data_in_leaf: 40]
[min_sum_hessian_in_leaf: 0.001]
[bagging_fraction: 0.8]
[pos_bagging_fraction: 1]
[neg_bagging_fraction: 1]
[bagging_freq: 1]
[bagging_seed: 26038]
[bagging_by_query: 0]
[feature_fraction: 0.8]
[feature_fraction_bynode: 1]
[feature_fraction_seed: 28694]
[extra_trees: 0]
[extra_seed: 4728]
[early_stopping_round: 0]
[early_stopping_min_delta: 0]
[first_metric_only: 0]
[max_delta_step: 0]
[lambda_l1: 0]
[lambda_l2: 0]
[linear_lambda: 0]
[min_gain_to_split: 0]
[drop_rate: 0.1]
[max_drop: 50]
[skip_drop: 0.5]
[xgboost_dart_mode: 0]
[uniform_drop: 0]
[drop_seed: 5409]
[top_rate: 0.2]
[other_rate: 0.1]
[min_data_per_group: 100]
[max_cat_threshold: 32]
[cat_l2: 10]
[cat_smooth: 10]
[max_cat_to_onehot: 4]
[top_k: 20]
[monotone_constraints: ]
[monotone_constraints_method: basic]
[monotone_penalty: 0]
[feature_contri: ]
[forcedsplits_filename: ]
[refit_decay_rate: 0.9]
[cegb_tradeoff: 1]
[cegb_penalty_split: 0]
[cegb_penalty_feature_lazy: ]
[cegb_penalty_feature_coupled: ]
[path_smooth: 0]
[interaction_constraints: ]
[verbosity: -1]
[saved_feature_importance_type: 0]
[use_quantized_grad: 0]
[num_grad_quant_bins: 4]
[quant_train_renew_leaf: 0]
[stochastic_rounding: 1]
[linear_tree: 0]
[max_bin: 255]
[max_bin_by_feature: ]
[min_data_in_bin: 3]
[bin_construct_sample_cnt: 200000]
[data_random_seed: 6654]
[is_enable_sparse: 1]
[enable_bundle: 1]
[use_missing: 1]
[zero_as_missing: 0]
[feature_pre_filter: 1]
[pre_partition: 0]
[two_round: 0]
[header: 0]
[label_column: ]
[weight_column: ]
[group_column: ]
[ignore_column: ]
[categorical_feature: ]
[forcedbins_filename: ]
[precise_float_parser: 0]
[parser_config_file: ]
[objective_seed: 199]
[num_class: 1]
[is_unbalance: 0]
[scale_pos_weight: 1]
[sigmoid: 1]
[boost_from_average: 1]
[reg_sqrt: 0]
[alpha: 0.9]
[fair_c: 1]
[poisson_max_delta_step: 0.7]
[tweedie_variance_power: 1.5]
[lambdarank_truncation_level: 30]
[lambdarank_norm: 1]
[label_gain: ]
[lambdarank_position_bias_regularization: 0]
[eval_at: ]
[multi_error_top_k: 1]
[auc_mu_weights: ]
[num_machines: 1]
[local_listen_port: 12400]
[time_out: 120]
[machine_list_filename: ]
[machines: ]
[gpu_platform_id: -1]
[gpu_device_id: -1]
[gpu_use_dp: 0]
[num_gpu: 1]

end of parameters

pandas_categorical:[]
