tree
version=v4
num_class=1
num_tree_per_iteration=1
label_index=0
max_feature_idx=179
objective=huber
feature_names=hour weekday month is_rainy_season day_sin day_cos week_sin week_cos missing_raw_water_ntu raw_water_ntu raw_water_ntu_lag1 raw_water_ntu_lag2 raw_water_ntu_lag3 raw_water_ntu_lag6 raw_water_ntu_lag12 raw_water_ntu_lag24 raw_water_ntu_change1 raw_water_ntu_change3 raw_water_ntu_change6 raw_water_ntu_rollmean3 raw_water_ntu_rollstd3 raw_water_ntu_rollmean6 raw_water_ntu_rollstd6 raw_water_ntu_rollmean12 raw_water_ntu_rollstd12 raw_water_ntu_rollmean24 raw_water_ntu_rollstd24 missing_raw_water_ph raw_water_ph raw_water_ph_lag1 raw_water_ph_lag2 raw_water_ph_lag3 raw_water_ph_lag6 raw_water_ph_lag12 raw_water_ph_lag24 raw_water_ph_change1 raw_water_ph_change3 raw_water_ph_change6 raw_water_ph_rollmean3 raw_water_ph_rollstd3 raw_water_ph_rollmean6 raw_water_ph_rollstd6 raw_water_ph_rollmean12 raw_water_ph_rollstd12 raw_water_ph_rollmean24 raw_water_ph_rollstd24 missing_filtered_ntu filtered_ntu filtered_ntu_lag1 filtered_ntu_lag2 filtered_ntu_lag3 filtered_ntu_lag6 filtered_ntu_lag12 filtered_ntu_lag24 filtered_ntu_change1 filtered_ntu_change3 filtered_ntu_change6 filtered_ntu_rollmean3 filtered_ntu_rollstd3 filtered_ntu_rollmean6 filtered_ntu_rollstd6 filtered_ntu_rollmean12 filtered_ntu_rollstd12 filtered_ntu_rollmean24 filtered_ntu_rollstd24 missing_clear_well_level clear_well_level clear_well_level_lag1 clear_well_level_lag2 clear_well_level_lag3 clear_well_level_lag6 clear_well_level_lag12 clear_well_level_lag24 clear_well_level_change1 clear_well_level_change3 clear_well_level_change6 clear_well_level_rollmean3 clear_well_level_rollstd3 clear_well_level_rollmean6 clear_well_level_rollstd6 clear_well_level_rollmean12 clear_well_level_rollstd12 clear_well_level_rollmean24 clear_well_level_rollstd24 missing_treated_ntu treated_ntu_lag1 treated_ntu_lag2 treated_ntu_lag3 treated_ntu_lag6 treated_ntu_lag12 treated_ntu_lag24 treated_ntu_change1 treated_ntu_change3 treated_ntu_change6 treated_ntu_rollmean3 treated_ntu_rollstd3 treated_ntu_rollmean6 treated_ntu_rollstd6 treated_ntu_rollmean12 treated_ntu_rollstd12 treated_ntu_rollmean24 treated_ntu_rollstd24 missing_alum_feed_rate alum_feed_rate alum_feed_rate_lag1 alum_feed_rate_lag2 alum_feed_rate_lag3 alum_feed_rate_lag6 alum_feed_rate_lag12 alum_feed_rate_lag24 alum_feed_rate_change1 alum_feed_rate_change3 alum_feed_rate_change6 alum_feed_rate_rollmean3 alum_feed_rate_rollstd3 alum_feed_rate_rollmean6 alum_feed_rate_rollstd6 alum_feed_rate_rollmean12 alum_feed_rate_rollstd12 alum_feed_rate_rollmean24 alum_feed_rate_rollstd24 missing_alum_dosage alum_dosage alum_dosage_lag1 alum_dosage_lag2 alum_dosage_lag3 alum_dosage_lag6 alum_dosage_lag12 alum_dosage_lag24 alum_dosage_change1 alum_dosage_change3 alum_dosage_change6 alum_dosage_rollmean3 alum_dosage_rollstd3 alum_dosage_rollmean6 alum_dosage_rollstd6 alum_dosage_rollmean12 alum_dosage_rollstd12 alum_dosage_rollmean24 alum_dosage_rollstd24 missing_raw_water_flow raw_water_flow raw_water_flow_lag1 raw_water_flow_lag2 raw_water_flow_lag3 raw_water_flow_lag6 raw_water_flow_lag12 raw_water_flow_lag24 raw_water_flow_change1 raw_water_flow_change3 raw_water_flow_change6 raw_water_flow_rollmean3 raw_water_flow_rollstd3 raw_water_flow_rollmean6 raw_water_flow_rollstd6 raw_water_flow_rollmean12 raw_water_flow_rollstd12 raw_water_flow_rollmean24 raw_water_flow_rollstd24 missing_treated_water_flow treated_water_flow treated_water_flow_lag1 treated_water_flow_lag2 treated_water_flow_lag3 treated_water_flow_lag6 treated_water_flow_lag12 treated_water_flow_lag24 treated_water_flow_change1 treated_water_flow_change3 treated_water_flow_change6 treated_water_flow_rollmean3 treated_water_flow_rollstd3 treated_water_flow_rollmean6 treated_water_flow_rollstd6 treated_water_flow_rollmean12 treated_water_flow_rollstd12 treated_water_flow_rollmean24 treated_water_flow_rollstd24 is_backwash_event target_missing_run
feature_infos=[1:23] [0:6] [1:12] [0:1] [-0.96592582628906831:0.96592582628906831] [-0.9659258262890682:0.96592582628906831] [-0.9993007047883985:0.99930070478839861] [-0.9993007047883985:0.99930070478839861] none [1:456] [1:456] [1:456] [1:456] [1:456] [1:456] [1:456] [-203:174] [-209:282] [-246:308] [2.3333333333333335:409] [0:133.50031210949783] [3.3333333333333335:355.66666666666669] [0:125.74484747561893] [4.166666666666667:291.91666666666669] [0:118.49344694833121] [5.083333333333333:248.16666666666666] [0.44232586848012184:123.11599779493913] [0:1] [7:7.2999999999999998] [7:7.2999999999999998] [7:7.2999999999999998] [7:7.2999999999999998] [7:7.2999999999999998] [7:7.2999999999999998] [7:7.2999999999999998] [-0.29999999999999982:0.29999999999999982] [-0.29999999999999982:0.29999999999999982] [-0.29999999999999982:0.29999999999999982] [7:7.1000000000000005] [0:0.17320508075688776] [7:7.0999999999999996] [0:0.12247448713915887] [7:7.0999999999999996] [0:0.086602540378443976] [7:7.0999999999999996] [0:0.071728150235677621] none [0.02:9.8000000000000007] [0.02:9.8000000000000007] [0.02:9.8000000000000007] [0.02:9.8000000000000007] [0.02:9.8000000000000007] [0.02:9.8000000000000007] [0.02:9.8000000000000007] [-3.8900000000000001:7.6000000000000005] [-6.4199999999999999:8] [-6.8000000000000007:8.9199999999999999] [0.02:9.1000000000000014] [0:4.4467216388406126] [0.021666666666666667:8.2333333333333325] [0:3.910882253405235] [0.025833333333333333:5.4916666666666671] [0:3.8004197335972183] [0.028750000000000001:5.0337500000000004] [0:3.4456702509469577] none [2.3300000000000001:3.98] [2.3300000000000001:3.98] [2.2400000000000002:3.98] [1.8600000000000001:3.98] [1.8600000000000001:3.98] [1.8600000000000001:3.98] [1.8600000000000001:3.98] [-1.0199999999999996:1.27] [-1.0899999999999999:1.0499999999999998] [-1.46:1.3999999999999999] [2.523333333333333:3.9399999999999999] [0:0.93744333162062421] [2.3483333333333332:3.8800000000000003] [0:0.69852463569060419] [2.5741666666666667:3.8508333333333336] [0:0.69783376938707498] [2.9075000000000002:3.8350000000000004] [0.0041702882829140432:0.66063155992655276] none [0.080000000000000002:11.9] [0.080000000000000002:11.9] [0.080000000000000002:11.9] [0.080000000000000002:11.9] [0.080000000000000002:11.9] [0.080000000000000002:11.9] [-7.2900000000000009:10.960000000000001] [-9.2300000000000004:10.98] [-11.6:10.98] [0.093333333333333338:7.0399999999999991] [0:6.3335403474939138] [0.096666666666666679:6.4833333333333343] [0:4.5920757833467842] [0.10166666666666667:5] [0:3.4828996757752235] [0.10958333333333332:5] [0:2.6666967842502163] [0:1] [0.01:100] [0.01:100] [0.01:100] [0.01:100] [0.01:100] [0.01:100] [0.01:100] [-99.989999999999995:99.989999999999995] [-99.989999999999995:99.989999999999995] [-99.989999999999995:99.989999999999995] [0.01:100] [0:57.729253416270687] [0.01:86.016666666666666] [0:54.766778524941557] [0.01:50.005000000000003] [0:52.218074457030689] [0.01:25.007500000000004] [0:44.228163587784493] [0:1] [0.040000000000000001:0.080000000000000002] [0.040000000000000001:0.080000000000000002] [0.040000000000000001:0.080000000000000002] [0.040000000000000001:0.080000000000000002] [0.040000000000000001:0.080000000000000002] [0.040000000000000001:0.080000000000000002] [0.040000000000000001:0.080000000000000002] [-0.029999999999999999:0.029999999999999999] [-0.029999999999999999:0.029999999999999999] [-0.029999999999999999:0.029999999999999999] [0.046666666666666669:0.073333333333333334] [0:0.017320508075688766] [0.048333333333333339:0.066666666666666666] [0:0.016431676725154984] [0.049166666666666671:0.063333333333333339] [0:0.013568010505999362] [0.045000000000000005:0.061666666666666668] [0:0.010206207261596573] none [4.7000000000000002:63.399999999999999] [4.7000000000000002:63.399999999999999] [4.7000000000000002:63.399999999999999] [4.7000000000000002:63.399999999999999] [4.7000000000000002:63.399999999999999] [4.7000000000000002:63.399999999999999] [4.7000000000000002:63.399999999999999] [-42.399999999999999:41.399999999999999] [-42.5:40.699999999999996] [-42.799999999999997:42.199999999999996] [18.5:57.199999999999996] [0:24.479651413640187] [25.933333333333334:56.25] [0:21.844633208181914] [27.416666666666668:55.833333333333336] [0.08660254037482007:16.564609499737376] [36.524999999999999:55.679166666666667] [0.1102533314841494:13.40603819720533] none [17.5:55.600000000000001] [17.5:55.600000000000001] [17.5:55.600000000000001] [17.5:55.600000000000001] [17.5:55.600000000000001] [17.5:55.600000000000001] [17.5:55.600000000000001] [-17.099999999999998:17.400000000000002] [-17.799999999999997:17.199999999999999] [-24.399999999999999:30.899999999999999] [21.5:54.466666666666669] [0:9.9886602371555817] [24.516666666666666:53.533333333333331] [0:9.9451830886447574] [25.291666666666668:52.708333333333336] [0.028867513471830149:11.950310633720616] [33.658333333333331:52.429166666666667] [0.063702205724026989:11.908180570211028] [0:1] none
tree_sizes=1388 1459 1453 1472 1469 1470 1472 1469 1472 1472 1487 1489 1489 1499 1482 1461 1495 1474 1472 1482 1482 1484 1490 1482 1493 1490 1478 1482 1506 1487 1492 1486 1500 1477 1497 1499 1490 1500 1495 1488 1500 1518 1489

Tree=0
num_leaves=15
num_cat=0
split_feature=94 47 96 94 172 62 91 64 55 160 70 83 100 94
split_gain=169.805 68.3186 21.1459 11.0666 9.698 7.71814 5.57868 3.71907 3.59372 3.96068 2.78927 5.7213 2.42956 2.39831
threshold=0.435 0.93500000000000016 0.25916666666666688 0.84333333333333338 47.308333333333344 0.047057303285951084 0.10000000000000002 0.20548693666531911 0.10500000000000004 48.45000000000001 3.8350000000000004 0.091302967553433326 0.59354166666666686 0.31500000000000017
decision_type=10 2 2 10 2 2 10 2 2 2 2 2 2 10
left_child=2 3 7 8 -3 -5 10 -1 9 12 13 -12 -2 -4
right_child=1 4 6 5 -6 -7 -8 -9 -10 -11 11 -13 -14 -15
leaf_value=0.52121635703080704 0.53619704218641084 0.55907752135518396 0.5260230844540269 0.56384926878823216 0.58033801211621505 0.54266030842641155 0.54913513625900379 0.53595030134488053 0.5509715867078212 0.55188458295226284 0.52754907434831644 0.55098681648840664 0.54163348143506496 0.53140749734469506
leaf_weight=1609 565 89 360 88 135 84 40 44 67 56 60 46 323 486
leaf_count=1554 543 59 339 49 65 72 30 40 54 43 57 35 313 472
internal_value=0.532537 0.546571 0.525072 0.541777 0.571891 0.553501 0.530843 0.521609 0.539782 0.538988 0.530074 0.53772 0.538174 0.529116
internal_weight=4052 1407 2645 1183 224 172 992 1653 1011 944 952 106 888 846
internal_count=3725 1198 2527 1074 124 121 933 1594 953 899 903 92 856 811
is_linear=0
shrinkage=1


Tree=1
num_leaves=15
num_cat=0
split_feature=85 85 94 21 85 54 54 88 153 47 94 90 18 11
split_gain=172.208 40.8198 40.7203 7.5166 7.13136 6.11338 5.53358 5.2345 4.66499 4.65688 2.91386 2.90456 2.0725 1.70097
threshold=0.57500000000000007 0.31500000000000006 1.4916666666666669 31.083333333333339 0.21500000000000002 0.070000000000000048 0.13499999999999998 0.49500000000000005 53.291666666666671 0.87500000000000011 0.38333333333333347 0.56500000000000006 -12.499999999999998 18.500000000000004
decision_type=10 10 10 2 10 2 2 10 2 2 10 8 2 2
left_child=1 4 3 13 -1 11 10 -5 -4 12 -3 -6 -9 -2
right_child=2 6 8 7 5 -7 -8 9 -10 -11 -12 -13 -14 -15
leaf_value=-0.017026439683105601 0.0060493130719613871 -0.007404724129992761 0.029131676651198757 0.0016171057029800901 -0.013048755155632811 0.005474056495138659 0.015073575939991649 0.0058267333966521727 0.044999998807907109 0.030032428400591019 -0.0019552403446485285 -0.0024209996239681329 0.017698391325344953 -0.0022894606521517476
leaf_weight=1215 218 353 110 59 788 52 41 53 80 62 804 70 120 85
leaf_count=1178 205 336 69 50 757 43 29 46 35 34 769 62 81 85
internal_value=-0.00537799 -0.0103588 0.0156527 0.0092365 -0.0145197 -0.0111728 -0.00297818 0.0149321 0.0358131 0.018275 -0.00361787 -0.0121817 0.0140614 0.00371005
internal_weight=4110 3323 787 597 2125 910 1198 294 190 235 1157 858 173 303
internal_count=3779 3174 605 501 2040 862 1134 211 104 161 1105 819 127 290
is_linear=0
shrinkage=0.05


Tree=2
num_leaves=15
num_cat=0
split_feature=85 96 94 85 90 10 90 88 64 85 7 24 54 174
split_gain=144.424 38.7262 37.899 7.03465 6.99056 6.01042 5.62442 4.05339 3.42462 3.33559 2.93436 2.53664 2.39901 2.1709
threshold=0.58500000000000008 0.31000000000000022 1.4916666666666669 0.21500000000000002 0.56500000000000006 31.500000000000004 0.22500000000000003 0.52500000000000013 1.445837175035616 0.42500000000000004 -0.59382018557350158 23.93826576267654 0.045000000000000026 47.645833333333343
decision_type=10 2 10 10 10 2 8 10 2 10 2 2 2 2
left_child=1 3 5 -1 -5 -2 -3 -7 -4 11 -9 -8 -11 -12
right_child=2 6 8 4 -6 7 9 10 -10 12 13 -13 -14 -15
leaf_value=-0.016315817108659918 0.0039211011126081378 0.011743933030418935 0.027868258444891297 -0.011700016165494488 0.005227206974770084 0.0022558470782651392 -0.0076560446398937793 0.025490116884311045 0.041966436884325484 -0.0019267255037103007 0.006495364991733657 0.0017812505221353418 0.0101647631909476 0.020025393306942925
leaf_weight=1205 309 63 81 804 66 54 501 75 92 606 63 83 44 56
leaf_count=1169 293 49 51 769 53 45 487 39 45 584 50 66 36 39
internal_value=-0.00524052 -0.00960578 0.0149234 -0.0138421 -0.0104159 0.00857419 -0.00282831 0.0143718 0.0353656 -0.00357227 0.0177443 -0.00631479 -0.00110822 0.0128624
internal_weight=4102 3372 730 2075 870 557 1297 248 173 1234 194 584 650 119
internal_count=3775 3213 562 1991 822 466 1222 173 96 1173 128 553 620 89
is_linear=0
shrinkage=0.05


Tree=3
num_leaves=15
num_cat=0
split_feature=85 94 85 55 54 85 88 100 9 60 146 87 7 101
split_gain=154.728 41.3016 37.04 7.32537 5.28506 5.17956 4.70345 4.55962 3.93142 3.48261 2.94669 2.5387 1.65665 1.5997
threshold=0.57500000000000007 1.236666666666667 0.31500000000000006 0.14500000000000005 0.11000000000000001 0.20500000000000004 3.2700000000000005 0.64708333333333357 30.500000000000004 0.11510132236682165 54.150000000000013 0.46500000000000002 -0.93022279308917166 0.18336640954716735
decision_type=10 10 10 2 2 10 10 2 2 2 10 10 2 2
left_child=2 3 5 7 10 -1 -3 13 -9 -7 11 -4 -13 -2
right_child=1 6 4 -5 -6 9 -8 8 -10 -11 -12 12 -14 -15
leaf_value=-0.015590039227935053 0.0031305857305784553 0.028383698156851878 -0.0054770739353906701 0.021001009282529428 0.013598255752003753 -0.011374713159230884 0.044007594582070125 0.0045215305622112898 0.017091855932085311 0.0010510936503609022 0.0094068506936309873 0.0081307940990276006 -0.0016781663883653889 -0.0078758288628887393
leaf_weight=1112 189 105 668 103 50 937 89 121 128 60 46 48 417 40
leaf_count=1077 180 63 640 67 33 894 42 120 84 53 39 40 403 38
internal_value=-0.00455025 0.0155762 -0.00922311 0.00890639 -0.00232349 -0.0132438 0.0355514 0.00630023 0.0109834 -0.0106269 -0.00299872 -0.00350239 -0.000665629 0.00120807
internal_weight=4113 775 3338 581 1229 2109 194 478 249 997 1179 1133 465 229
internal_count=3773 594 3179 489 1155 2024 105 422 204 947 1122 1083 443 218
is_linear=0
shrinkage=0.05


Tree=4
num_leaves=15
num_cat=0
split_feature=85 47 85 172 96 101 155 55 90 85 47 50 85 14
split_gain=144.558 41.7138 32.5906 10.4863 5.99835 5.57701 4.80238 3.98252 3.91393 2.43843 2.04991 2.4869 1.6212 1.49864
threshold=0.58500000000000008 1.2100000000000002 0.24500000000000002 47.408333333333339 0.31333333333333352 1.2479110654646492 52.704166666666673 0.20500000000000004 0.22500000000000003 0.46500000000000002 0.46500000000000002 0.24500000000000002 0.19500000000000003 69.500000000000014
decision_type=10 2 10 2 2 2 2 2 8 10 2 2 8 2
left_child=2 5 12 -3 7 6 10 -4 -6 -10 11 -2 -1 -11
right_child=1 3 4 -5 8 -7 -8 -9 9 13 -12 -13 -14 -15
leaf_value=-0.015167581664084646 0.0038824784911784538 0.020008257538633976 -0.0097228959612160309 0.043653087961138232 0.01040065833212187 0.02345593263661223 0.014321395952176925 0.0066981238825246691 -0.0046306406791847407 -0.00090467217670999053 0.010363117111156436 -0.0082098284806564181 -0.011852356726085662 0.0084853409281114428
leaf_weight=962 215 74 480 128 60 56 150 40 680 443 86 53 598 47
leaf_count=926 208 49 456 59 47 36 108 32 647 425 68 50 582 39
internal_value=-0.0041218 0.0155128 -0.00864192 0.0349911 -0.00395761 0.00848675 0.00682351 -0.00845974 -0.00205427 -0.00269299 0.00364644 0.00149109 -0.0138967 -3.99745e-06
internal_weight=4072 762 3310 202 1750 560 504 520 1230 1170 354 268 1560 490
internal_count=3732 578 3154 108 1646 470 434 488 1158 1111 326 258 1508 464
is_linear=0
shrinkage=0.05


Tree=5
num_leaves=15
num_cat=0
split_feature=85 96 101 47 85 85 157 170 24 139 26 6 100 85
split_gain=145.168 48.963 19.3233 10.6179 4.8396 4.79648 4.50474 6.15999 4.36022 3.21457 2.87589 1.90162 1.54292 2.38845
threshold=0.89500000000000013 0.31000000000000022 0.74595802843433834 0.46500000000000002 0.21500000000000002 0.54500000000000015 46.743750000000013 42.670833333333341 13.181713487737353 0.0041938499797539866 37.663095772693246 0.39989202431974119 0.29395833333333338 0.39500000000000007
decision_type=10 2 2 2 10 10 2 2 2 8 2 2 2 10
left_child=1 4 8 5 -1 12 7 -6 -2 -4 11 -5 -3 -14
right_child=2 3 9 10 6 -7 -8 -9 -10 -11 -12 -13 13 -15
leaf_value=-0.013977628672635143 0.0041241961287423259 0.0046223119100821872 0.043779338896274569 0.011522162427836276 -0.010354805036502726 0.0030238974740840561 -0.010314228508056264 0.015503010792391643 0.021274755643163293 0.030507627036422492 0.019456776012740439 -0.00095453192390358233 -0.006892063004339523 -0.0020399602923014452
leaf_weight=1187 63 56 108 74 51 380 786 42 90 79 63 52 410 665
leaf_count=1150 48 45 53 56 48 362 749 32 52 44 38 46 393 640
internal_value=-0.00389873 -0.00672358 0.0273907 -0.000438593 -0.0118952 -0.00183613 -0.00908299 0.00132292 0.0142128 0.0381726 0.0107343 0.00637305 -0.00346903 -0.00389053
internal_weight=4106 3766 340 1700 2066 1511 879 93 153 187 189 126 1131 1075
internal_count=3756 3559 197 1580 1979 1440 829 80 100 97 140 102 1078 1033
is_linear=0
shrinkage=0.05


Tree=6
num_leaves=15
num_cat=0
split_feature=85 85 101 47 64 85 63 21 85 13 54 146 157 85
split_gain=132.659 45.3583 21.5281 8.7934 5.17846 5.01111 4.36404 4.06555 3.23261 3.1229 2.56469 2.3875 1.6914 1.41078
threshold=0.89500000000000013 0.31500000000000006 0.74595802843433834 0.7350000000000001 0.2462050683013994 0.46500000000000002 0.36416666666666681 35.750000000000007 0.23500000000000001 67.500000000000014 0.045000000000000026 53.650000000000013 46.743750000000013 0.64500000000000013
decision_type=10 10 2 2 2 10 2 2 10 2 2 10 2 10
left_child=1 4 9 5 8 11 -6 -4 -1 -2 13 -3 -10 -7
right_child=2 3 7 -5 6 10 -8 -9 12 -11 -12 -13 -14 -15
leaf_value=-0.013001910692576843 0.0064748372628171116 -0.0046731491900509564 0.028522426494219828 0.014269852864390038 0.011506733292092881 -0.00036364798552412952 -0.0090913538789997497 0.043073968633377396 -0.0021078190996366391 0.020841820255642938 0.01281136042003078 0.0077467830692667791 -0.0096986832714558747 0.0043191676316047577
leaf_weight=1382 97 688 84 101 45 546 60 112 85 62 49 41 537 228
leaf_count=1330 69 660 50 67 36 526 58 54 74 37 39 33 514 214
internal_value=-0.00346989 -0.00622699 0.0257477 -2.55767e-05 -0.0110876 -0.000955885 -0.000263602 0.0368376 -0.0116547 0.0120771 0.00171807 -0.00397463 -0.00866135 0.00101579
internal_weight=4117 3762 355 1653 2109 1552 105 196 2004 159 823 729 622 774
internal_count=3761 3551 210 1539 2012 1472 94 104 1918 106 779 693 588 740
is_linear=0
shrinkage=0.05


Tree=7
num_leaves=15
num_cat=0
split_feature=85 96 47 155 157 55 85 54 24 177 85 68 146 100
split_gain=113.216 35.466 23.9314 7.49799 5.57545 5.29107 4.37462 4.99775 3.12366 2.89741 3.47357 2.6851 2.5666 1.38238
threshold=0.7350000000000001 0.32000000000000023 1.9750000000000003 46.258333333333333 53.600000000000001 0.10500000000000004 0.22500000000000003 0.070000000000000048 12.590726264739494 1.5531114922312994 0.46500000000000002 3.7950000000000004 45.650000000000013 0.59354166666666686
decision_type=10 2 2 2 2 2 10 2 2 2 10 2 10 2
left_child=1 6 3 -2 8 9 -1 12 -5 10 -3 -7 -8 -12
right_child=2 5 -4 4 -6 11 7 -9 -10 -11 13 -13 -14 -15
leaf_value=-0.012369897542200949 0.030645067898520069 -0.0045388129709159611 0.03892864290151804 -0.0031197744465869251 0.019108715043308175 0.0026600394811999474 0.0017239372025836597 0.0079770748716934282 0.010729985724624601 0.0089683705103198019 -0.0012262824915507224 0.017987330048674508 -0.0095005954014743838 0.0033416383876162326
leaf_weight=1308 51 654 126 79 98 62 55 48 84 64 431 53 688 269
leaf_count=1262 32 629 62 75 56 55 47 39 58 55 417 35 667 256
internal_value=-0.00347638 -0.00637233 0.0205375 0.0131103 0.00968395 -0.000590857 -0.0105948 -0.00765954 0.00401753 -0.00142739 -0.00191877 0.00972392 -0.00866971 0.000529104
internal_weight=4070 3632 438 312 261 1533 2099 791 163 1418 1354 115 743 700
internal_count=3745 3462 283 221 189 1447 2015 753 133 1357 1302 90 714 673
is_linear=0
shrinkage=0.05


Tree=8
num_leaves=15
num_cat=0
split_feature=85 85 101 85 139 9 85 54 54 56 175 87 93 2
split_gain=114.65 39.3329 20.1828 7.10986 3.7112 3.47882 3.42895 2.68041 2.50444 2.48571 1.81458 1.73592 1.2198 0.980918
threshold=0.89500000000000013 0.31500000000000006 0.74595802843433834 0.58500000000000008 0.0038069349381343958 60.500000000000007 0.20500000000000004 0.045000000000000026 0.070000000000000048 0.084999999999999951 0.27784342658936684 0.41500000000000004 -0.14499999999999993 11.500000000000002
decision_type=10 10 2 10 8 2 8 2 2 2 2 10 8 2
left_child=1 6 5 7 -4 -2 -1 11 -8 12 -9 13 -5 -3
right_child=2 3 4 9 -6 -7 8 10 -10 -11 -12 -13 -14 -15
leaf_value=-0.012223778362610788 0.0064382402304327116 -0.0060632921746036558 0.043514389449611626 -0.0045901077466883834 0.028601016342639923 0.021438874263849501 -0.008818702510331438 0.010886703246796969 0.0020658324139990977 0.01244032600162817 -0.0026887776798685085 -0.0011562256319788591 0.0045330808273247262 0.00075621288315083862
leaf_weight=1139 100 389 94 42 75 63 939 64 56 98 40 698 287 61
leaf_count=1096 71 378 46 41 44 36 901 43 49 70 38 668 270 55
internal_value=-0.00339229 -0.00584604 0.0247889 -0.000120892 0.036896 0.012236 -0.0103505 -0.00202104 -0.00820611 0.0054505 0.00566536 -0.00271737 0.00336842 -0.00513887
internal_weight=4145 3813 332 1679 169 163 2134 1252 995 427 104 1148 329 450
internal_count=3806 3609 197 1563 90 107 2046 1182 950 381 81 1101 311 433
is_linear=0
shrinkage=0.05


Tree=9
num_leaves=15
num_cat=0
split_feature=85 96 101 56 57 98 94 54 155 85 58 64 85 88
split_gain=101.645 33.9079 19.5694 5.30396 4.06465 3.56494 3.42736 3.30562 2.56264 2.48069 2.28339 1.75211 1.34582 1.09604
threshold=0.89500000000000013 0.33583333333333348 1.3803035793220904 0.084999999999999951 1.4483333333333341 0.55208333333333348 0.22333333333333347 0.060000000000000046 52.495833333333344 0.52500000000000013 0.1096965511459685 0.20548693666531911 0.27500000000000008 0.49500000000000005
decision_type=10 2 2 2 2 2 10 2 2 10 2 2 10 10
left_child=1 6 4 9 8 11 -1 -8 -2 10 12 -5 -3 -11
right_child=2 3 -4 5 -6 -7 7 -9 -10 13 -12 -13 -14 -15
leaf_value=-0.011212914363353341 -0.00066296129415814695 -0.011669340244559356 0.038192719131019778 0.0081458308001359312 0.023440369433392921 0.017790213855163706 -0.0080179488002667561 0.0037013336643576624 0.01428048827146995 -0.0042201411579885799 0.0091733826289419097 -0.0036660310174166052 -0.0025927997495220727 0.0029127640063636756
leaf_weight=1272 52 43 138 75 62 62 810 65 64 62 40 54 813 410
leaf_count=1235 40 41 70 61 37 42 776 51 40 58 33 42 782 392
internal_value=-0.00315953 -0.00548058 0.0240613 0.00013198 0.0131055 0.00793699 -0.00955602 -0.00714737 0.0075817 -0.000957754 -0.00250312 0.00320133 -0.00304875 0.00197581
internal_weight=4022 3706 316 1559 178 191 2147 875 116 1368 896 129 856 472
internal_count=3700 3513 187 1451 117 145 2062 827 80 1306 856 103 823 450
is_linear=0
shrinkage=0.05


Tree=10
num_leaves=15
num_cat=0
split_feature=85 94 47 101 85 47 60 98 92 155 160 54 88 61
split_gain=89.6386 30.2211 18.961 6.78026 5.33502 4.9064 2.98207 2.772 2.40899 2.35297 1.93957 1.53848 1.25516 1.32312
threshold=0.89500000000000013 0.38333333333333347 1.9750000000000003 0.74595802843433834 0.21500000000000002 0.46500000000000002 0.11510132236682165 0.49125000000000002 -0.23500000000000018 52.970833333333339 48.550000000000004 0.070000000000000048 0.49500000000000005 0.12708333333333327
decision_type=10 10 2 2 10 2 2 2 10 2 2 2 10 2
left_child=1 4 3 9 -1 8 11 -7 -3 -2 12 -6 -10 -14
right_child=2 5 -4 -5 6 7 -8 -9 10 -11 -12 -13 13 -15
leaf_value=-0.01083995734553142 -0.00084531748835302777 -0.0089772487966637195 0.038112998952468238 0.025697758746589874 -0.0071493016731062342 -0.0010477194015908501 0.0033201932548903505 0.013569117175330492 -0.0017555344154741043 0.012544397689716916 0.0095543800798160109 0.0026028649681913004 0.0030518947243790952 -0.0032885364299335591
leaf_weight=1201 61 73 120 69 1090 46 78 110 538 71 55 42 394 104
leaf_count=1165 48 70 60 42 1047 38 66 77 514 43 43 37 381 102
internal_value=-0.00296814 -0.00514948 0.0223856 0.0129962 -0.00847915 0.000932213 -0.0061359 0.00925902 -0.000183752 0.00635673 0.000404631 -0.00678747 -8.11185e-05 0.00172779
internal_weight=4052 3731 321 201 2411 1320 1210 156 1164 132 1091 1132 1036 498
internal_count=3733 3540 193 133 2315 1225 1150 115 1110 91 1040 1084 997 483
is_linear=0
shrinkage=0.05


Tree=11
num_leaves=15
num_cat=0
split_feature=94 94 48 18 100 173 176 10 54 24 92 155 88 85
split_gain=106.999 36.4116 7.94031 5.97543 5.71938 4.60779 3.61051 2.9671 2.12785 1.96553 1.69868 1.55551 1.25458 0.989566
threshold=1.4916666666666669 0.38833333333333347 0.87500000000000011 -2.4999999999999996 0.25303728070175446 0.81649658092751265 47.737500000000004 30.500000000000004 0.060000000000000046 23.93826576267654 -0.33499999999999996 45.670833333333341 0.53500000000000014 0.16500000000000004
decision_type=10 10 2 2 2 2 2 2 2 2 8 2 10 8
left_child=1 4 6 -2 13 9 8 -8 10 11 -3 -6 -12 -1
right_child=3 2 -4 -5 5 -7 7 -9 -10 -11 12 -13 -14 -15
leaf_value=-0.011668899134920648 0.025669669993540162 -0.0097043072025538718 0.01459074201118042 0.043030102949502859 0.00050308642975453819 0.0074732190634215802 -0.00015361298105449645 0.012596459878763459 0.0084487994707634923 0.0013763365297859839 -0.0015550299271240508 -0.0073192983307292349 0.0020544886814866169 -0.0089148579976498308
leaf_weight=466 117 49 117 86 70 71 77 112 69 86 629 690 390 1087
leaf_count=453 70 46 76 39 63 59 74 75 53 72 603 668 377 1044
internal_value=-0.0023697 -0.00420588 0.00210442 0.0330243 -0.00789243 -0.00476133 0.00100269 0.00740199 -6.10441e-05 -0.0057881 -0.000610837 -0.00659882 -0.000173565 -0.00974125
internal_weight=4116 3913 1443 203 2470 917 1326 189 1137 846 1068 760 1019 1553
internal_count=3772 3663 1304 109 2359 862 1228 149 1079 803 1026 731 980 1497
is_linear=0
shrinkage=0.05


Tree=12
num_leaves=15
num_cat=0
split_feature=94 86 47 160 18 62 88 90 85 85 54 146 14 7
split_gain=99.4446 33.0995 13.3212 5.76568 5.11539 2.90344 2.48545 3.02708 2.01014 1.96926 1.56276 1.45501 0.907006 0.738048
threshold=1.4916666666666669 0.31500000000000006 0.93500000000000016 48.45000000000001 -2.4999999999999996 0.26881820025867675 0.38500000000000006 0.25500000000000006 0.19500000000000003 0.46500000000000002 0.045000000000000026 45.150000000000013 109.50000000000001 -0.62305379842581143
decision_type=10 10 2 2 2 2 10 10 8 10 2 10 2 2
left_child=1 5 3 6 -2 8 12 -8 -1 -9 -11 -10 -3 -5
right_child=4 2 -4 13 -6 -7 7 9 11 10 -12 -13 -14 -15
leaf_value=-0.010319779306093737 0.025925076678395272 -0.0057386750020810128 0.017881315516589912 0.01286615963585468 0.042662108441193898 0.0039378610657567681 0.012921047221276571 -0.0035226680440041177 8.8620294745151817e-05 0.00036127218285235055 0.0091882396351408071 -0.0076268243968747014 0.0011256671085823002 0.0058241959600769857
leaf_weight=944 100 309 109 72 84 47 44 355 65 702 54 1020 57 77
leaf_count=910 59 293 67 42 38 40 35 348 57 675 41 982 51 60
internal_value=-0.00234506 -0.0040591 0.000945789 -0.000159583 0.0335659 -0.00834797 -0.00107911 5.8664e-05 -0.00863256 -0.000450737 0.00099177 -0.00716461 -0.00466964 0.00922702
internal_weight=4039 3855 1779 1670 184 2076 1521 1155 2029 1111 756 1085 366 149
internal_count=3698 3601 1612 1545 97 1989 1443 1099 1949 1064 716 1039 344 102
is_linear=0
shrinkage=0.05


Tree=13
num_leaves=15
num_cat=0
split_feature=94 96 47 146 146 54 85 55 98 58 92 59 88 64
split_gain=84.6568 28.7124 9.69692 7.31805 3.64795 3.44224 2.85261 2.12126 1.70062 1.62618 1.39831 2.69689 0.977903 0.975286
threshold=1.4916666666666669 0.32000000000000023 0.91500000000000015 52.850000000000001 54.350000000000001 0.11000000000000001 0.46500000000000002 -0.13499999999999993 0.18958333333333335 0.080829037686545188 -1.0000000180025095e-35 0.26250000000000012 0.49500000000000005 0.28801634902282153
decision_type=10 2 2 10 10 2 10 2 2 2 10 2 10 2
left_child=1 5 4 -2 6 8 10 -8 -1 12 -3 -12 -9 -10
right_child=3 2 -4 -5 -6 -7 7 9 13 -11 11 -13 -14 -15
leaf_value=-0.0098994328674557458 0.01980205557309091 -0.0054135819604434641 0.015819727093221086 0.040046286641961276 0.0096672142972561749 0.0060058752889744944 -0.0062555770510212029 -0.0013698231639802201 -0.0072913090752060473 0.0091221555177607144 -0.0024502736273194284 0.010979516768739338 0.0025489566912493544 -0.00095453709072899082
leaf_weight=818 80 331 101 101 90 44 86 234 1185 73 340 42 498 64
leaf_count=789 52 319 63 49 63 36 80 221 1136 59 325 34 471 59
internal_value=-0.0023306 -0.00387967 0.000769232 0.0310986 -0.000128111 -0.00783267 -0.000677724 0.00120851 -0.00812725 0.00200591 -0.00303485 -0.0009737 0.00129623 -0.00696661
internal_weight=4087 3906 1795 181 1694 2111 1604 891 2067 805 713 382 732 1249
internal_count=3756 3655 1635 101 1572 2020 1509 831 1984 751 678 359 692 1195
is_linear=0
shrinkage=0.05


Tree=14
num_leaves=15
num_cat=0
split_feature=86 96 101 47 55 92 87 146 21 51 93 155 170 155
split_gain=85.21 18.8642 18.5055 5.88343 3.89285 2.86341 2.65075 2.45938 3.03484 2.20467 1.9919 1.95575 4.45632 1.21564
threshold=0.91500000000000015 0.39000000000000018 1.3803035793220904 0.91500000000000015 0.20500000000000004 0.030000000000000023 0.20500000000000004 53.350000000000001 35.083333333333336 0.33500000000000008 -0.14499999999999993 45.587500000000013 42.316666666666677 52.679166666666681
decision_type=10 2 2 2 2 10 10 10 2 2 10 2 2 2
left_child=1 4 3 -2 6 7 -1 10 -9 13 -3 12 -8 -7
right_child=2 5 -4 -5 -6 9 11 8 -10 -11 -12 -13 -14 -15
leaf_value=-0.0090099159831697924 0.004558560601695457 -0.0073458798492275594 0.035502003932840566 0.023562461077926856 0.0051686156838415915 -0.00026976226327827911 -0.0073902063071727758 -0.0002454874453504976 0.015947335444228807 0.011075674875579315 -0.00071484184657908019 -0.0062654747479896841 0.013723822982936371 0.0078415693808892694
leaf_weight=1121 112 135 147 64 65 166 64 78 46 94 703 1185 41 64
leaf_count=1079 79 132 76 36 50 158 63 75 31 68 686 1139 33 54
internal_value=-0.00223826 -0.00435424 0.0224067 0.0114691 -0.00690591 0.000558628 -0.00723144 -0.000810601 0.00576153 0.00462405 -0.00178309 -0.00568596 0.000854319 0.0019873
internal_weight=4085 3762 323 176 2476 1286 2411 962 124 324 838 1290 105 230
internal_count=3759 3568 191 115 2364 1204 2314 924 106 280 818 1235 96 212
is_linear=0
shrinkage=0.05


Tree=15
num_leaves=15
num_cat=0
split_feature=85 96 96 55 176 100 146 54 79 78 92 87 62 157
split_gain=79.896 25.7681 10.2666 7.34017 4.36306 4.27943 4.17591 4.16452 2.15044 3.12325 2.111 3.06727 1.7749 1.51515
threshold=1.405 0.39000000000000018 2.7741666666666673 0.10500000000000004 46.881250000000009 0.26645833333333341 54.150000000000013 0.095000000000000015 0.14360245946219141 3.6375000000000006 -0.16499999999999995 0.56500000000000006 0.32706105422639226 47.581250000000011
decision_type=10 2 2 2 2 2 10 2 2 2 10 10 2 2
left_child=1 5 -2 6 13 -1 10 8 -7 -10 -3 -12 -13 -5
right_child=2 3 -4 4 -6 7 -8 -9 9 -11 11 12 -14 -15
leaf_value=-0.0078389072766625826 0.016052006152332637 -0.0062868605252995625 0.04013883585279638 0.011087592821868678 0.023305173617388524 -0.005511017126512965 0.0099178159708853617 0.011239799008826198 -0.0058875113301701957 0.0096841484578626784 -0.0012090232270270279 0.0031153469375798902 0.013705028063091247 -0.0010443110537545926
leaf_weight=1663 74 125 110 62 56 608 113 46 67 62 738 283 46 44
leaf_count=1598 50 117 53 44 32 586 83 35 66 47 711 266 33 36
internal_value=-0.00174749 -0.00326158 0.0304517 0.00197767 0.0120159 -0.00640385 0.000731549 -0.00335596 -0.00426695 0.00159654 -0.000139297 0.000580895 0.00459597 0.00605171
internal_weight=4097 3913 184 1467 162 2446 1305 783 737 129 1192 1067 329 106
internal_count=3757 3654 103 1322 112 2332 1210 734 699 113 1127 1010 299 80
is_linear=0
shrinkage=0.05


Tree=16
num_leaves=15
num_cat=0
split_feature=94 86 157 47 17 160 58 88 55 144 90 98 87 80
split_gain=76.0136 20.8126 8.0171 7.92113 3.52734 3.07764 3.04014 1.94814 1.63867 1.20499 1.42799 1.06556 1.00406 0.80135
threshold=1.4916666666666669 0.31500000000000006 53.064583333333339 0.91500000000000015 83.500000000000014 48.550000000000004 0.13409871151989475 0.34500000000000003 0.17500000000000002 45.850000000000001 0.42500000000000004 0.1779166666666667 0.56500000000000006 3.8191666666666673
decision_type=10 10 2 2 2 2 2 10 2 10 10 2 10 2
left_child=1 6 -2 4 5 7 8 -3 11 -9 -11 -1 -12 -14
right_child=2 3 -4 -5 -6 -7 -8 9 -10 10 12 -13 13 -15
leaf_value=-0.0087992311127621826 0.020545085571775926 -0.0059631061774017592 0.041622890875889711 0.014380349975192186 0.014305341406157468 0.0069920597445219754 0.0052186425336493321 0.0053358550981551138 0.0027523398244132598 -0.0033736016379453657 -0.0010262905549485014 -0.0063869825545261414 0.0015782851958508516 0.0091763665998587391
leaf_weight=702 107 186 78 99 41 125 52 83 42 393 531 1316 262 40
leaf_count=681 66 183 36 62 20 88 42 76 39 380 510 1262 254 35
internal_value=-0.00187891 -0.00337491 0.0294319 0.000640738 -0.000178179 -0.000544737 -0.00672129 -0.0011749 -0.00702268 -0.000494534 -0.00088925 -0.00722613 0.000282839 0.00258465
internal_weight=4057 3872 185 1760 1661 1620 2112 1495 2060 1309 1226 2018 833 302
internal_count=3734 3632 102 1608 1546 1526 2024 1438 1982 1255 1179 1943 799 289
is_linear=0
shrinkage=0.05


Tree=17
num_leaves=15
num_cat=0
split_feature=47 96 81 101 47 92 86 89 21 90 172 170 99 4
split_gain=82.1967 21.3086 9.9219 6.67591 3.68551 3.24726 2.95357 2.70676 2.50914 3.00197 2.21726 1.48094 1.25489 1.25193
threshold=1.425 0.38583333333333353 0.17389477486319474 1.9513533069243196 0.46500000000000002 -0.26499999999999996 0.20500000000000004 0.30500000000000005 125.08333333333336 0.56500000000000006 48.475000000000001 43.583333333333343 0.21912153379923105 1.0000000180025095e-35
decision_type=2 2 2 2 2 10 10 10 2 10 2 2 2 2
left_child=1 6 -2 4 5 -3 -1 -7 9 -8 12 -6 -9 -13
right_child=2 3 -4 -5 11 7 8 10 -10 -11 -12 13 -14 -15
leaf_value=-0.0079175791353499857 0.017957613268757569 -0.010088228917680681 0.040986463570824042 0.019159305927874251 0.00071347069335352706 0.012024228235706688 -0.0057122767485307865 -0.00014324902307591791 0.0035917815379734454 0.0037255355708331775 0.0069620966085629475 0.0058116032912706337 -0.0077106522062265499 0.016068868240404686
leaf_weight=1112 85 75 104 52 51 50 1137 988 91 91 108 60 58 59
leaf_count=1076 49 72 49 38 44 39 1097 952 79 78 76 45 57 38
internal_value=-0.00157902 -0.0031272 0.0306296 0.00155708 0.000925396 6.06162e-06 -0.00601947 0.000634859 -0.00441924 -0.00501289 0.000141385 0.00784204 -0.000562856 0.0108971
internal_weight=4121 3932 189 1501 1449 1279 2431 1204 1319 1228 1154 170 1046 119
internal_count=3789 3691 98 1361 1323 1196 2330 1124 1254 1175 1085 127 1009 83
is_linear=0
shrinkage=0.05


Tree=18
num_leaves=15
num_cat=0
split_feature=86 47 100 61 161 10 92 86 89 1 7 153 86 101
split_gain=70.5391 19.0341 13.1436 7.34291 3.45426 5.29389 2.9597 2.25543 2.25071 1.27009 1.13203 0.960991 0.876914 0.765129
threshold=0.91500000000000015 1.425 0.2760416666666668 0.1295833333333333 47.750000000000007 29.500000000000004 0.020000000000000014 0.43500000000000005 0.27500000000000008 4.5000000000000009 -0.86541979636644684 47.108333333333341 0.31500000000000006 0.046833586797121345
decision_type=10 2 2 2 2 2 10 10 10 2 2 2 10 2
left_child=2 3 -1 -2 6 9 7 13 -8 -6 -10 -9 -12 -4
right_child=1 -3 4 -5 5 -7 8 11 10 -11 12 -13 -14 -15
leaf_value=-0.0068492485408682821 0.021009243786782511 0.034052181399385671 -0.0032139610485043611 0.00018386187990433834 0.0024069130280389428 0.013018541419704524 0.01047451057868292 -0.0065194644031222344 0.0062747035956657359 -0.0072692798279846704 -0.0057879617411111086 -8.8811977657913434e-05 0.00034100203276331607 -0.0065958337687961515
leaf_weight=1683 77 148 322 94 78 107 61 65 68 60 70 547 351 348
leaf_count=1615 43 74 311 75 70 74 49 63 59 59 67 530 326 338
internal_value=-0.00165002 0.0209239 -0.0035652 0.00956137 -0.000904124 0.0046717 -0.0016498 -0.00296614 0.00141847 -0.00180013 0.000288782 -0.000771806 -0.000678066 -0.00497052
internal_weight=4079 319 3760 171 2077 245 1832 1282 550 138 489 612 421 670
internal_count=3753 192 3561 118 1946 203 1743 1242 501 129 452 593 393 649
is_linear=0
shrinkage=0.05


Tree=19
num_leaves=15
num_cat=0
split_feature=94 96 18 56 101 138 100 59 99 90 99 54 98 56
split_gain=82.4324 15.9394 7.93404 7.74956 2.53618 5.09069 2.51751 2.877 2.49497 3.95709 2.20561 1.08929 1.04849 1.21947
threshold=1.4916666666666669 0.31000000000000022 -1.4999999999999998 0.62500000000000011 0.27655792443493038 0.058125000000000003 0.63645833333333346 0.83166666666666678 0.21912153379923105 0.24500000000000002 0.086807868656097256 0.070000000000000048 0.49541666666666678 0.03500000000000001
decision_type=10 2 2 2 2 10 2 2 2 8 2 2 2 2
left_child=1 4 -2 6 11 -6 8 10 9 -3 -8 -1 -11 -14
right_child=2 3 -4 -5 5 -7 7 -9 -10 12 -12 -13 13 -15
leaf_value=-0.0063554982158725258 0.02070364970713854 0.011469518435610967 0.040388296764147909 0.015823350998969681 -0.0064039339311420919 0.015123433996598388 0.0045477893165195788 0.013234610784898647 -0.008691490194031197 -0.0021774904386479116 -0.0036761004879649374 0.00060205859662001504 -3.5951565746798376e-05 0.008543140900895951
leaf_weight=1871 111 66 95 81 76 43 231 63 99 779 126 58 349 47
leaf_count=1804 67 50 44 47 75 34 202 40 94 746 120 49 339 37
internal_value=-0.00104165 -0.00267435 0.0297815 0.00070183 -0.00570928 0.00137486 5.8962e-06 0.00338365 -0.0010528 -0.00044343 0.00164524 -0.0061463 -0.00111258 0.000982274
internal_weight=4095 3889 206 1841 2048 119 1760 420 1340 1241 357 1929 1175 396
internal_count=3748 3637 111 1675 1962 109 1628 362 1266 1172 322 1853 1122 376
is_linear=0
shrinkage=0.05


Tree=20
num_leaves=15
num_cat=0
split_feature=94 96 64 47 100 146 146 24 92 88 157 92 47 101
split_gain=73.0076 15.1135 10.2356 7.05431 2.42055 2.05679 1.88336 2.29332 1.79511 1.74891 1.41471 1.28008 0.913445 0.837492
threshold=1.4916666666666669 0.39833333333333337 1.445837175035616 0.91500000000000015 0.25303728070175446 54.350000000000001 45.150000000000013 23.93826576267654 -0.049999999999999954 0.49500000000000005 48.439583333333339 0.095000000000000043 0.41500000000000004 0.19933289976182431
decision_type=10 2 2 2 2 10 10 2 10 10 2 10 2 2
left_child=1 4 -2 5 -1 8 -6 -8 12 -10 -9 13 -3 -11
right_child=2 3 -4 -5 6 -7 7 10 9 11 -12 -13 -14 -15
leaf_value=-0.0063139170782626547 0.015604999858320139 -0.0053270672328425486 0.039287148095253445 0.014320166342492616 0.0055956101360715048 0.0076746419626083431 -0.0046097744401737461 -0.0016683904221281411 -0.0014442363904642545 0.0026400954826701298 0.010471054337852236 0.009350810156096347 0.0026161353643560275 -0.0038739798108508696
leaf_weight=1535 79 204 108 98 59 91 733 56 454 415 42 65 44 56
leaf_count=1483 50 198 51 60 50 63 704 52 436 394 28 51 40 53
internal_value=-0.00122742 -0.00270856 0.0292824 0.00137419 -0.00511106 0.000419561 -0.00303648 -0.00364935 -0.000113728 0.000839208 0.00353423 0.00277332 -0.00391779 0.0018656
internal_weight=4039 3852 187 1427 2425 1329 890 831 1238 990 98 536 248 471
internal_count=3713 3612 101 1295 2317 1235 834 784 1172 934 80 498 238 447
is_linear=0
shrinkage=0.05


Tree=21
num_leaves=15
num_cat=0
split_feature=85 96 47 19 146 89 92 60 11 100 97 155 24 83
split_gain=65.8001 14.1703 7.92215 4.73716 2.45363 2.21836 1.99781 1.78049 1.58138 2.14705 1.52028 1.41997 3.50534 1.25895
threshold=1.9700000000000002 0.39833333333333337 0.87500000000000011 33.833333333333336 54.350000000000001 0.19500000000000003 -0.35499999999999993 0.47632624200607804 132.50000000000003 0.36270833333333347 0.13618606793442964 45.587500000000013 9.1798108418593483 0.29765857518641087
decision_type=10 2 2 2 10 8 10 2 2 2 10 2 2 2
left_child=1 5 4 -2 6 -1 -3 10 11 -10 13 12 -7 -8
right_child=3 2 -4 -5 -6 8 7 -9 9 -11 -12 -13 -14 -15
leaf_value=-0.0067141995083057878 0.022028977599214107 -0.0085983236096046096 0.013930664799007557 0.040084236373121925 0.0082392338584023686 -0.0058923953069924297 -2.3076465577521899e-05 0.0089993144611997377 0.0094764788218666442 -0.0052689601296925567 -0.0053671706909695126 -0.0045198961826977569 0.012326971693387763 0.0072246473040650022
leaf_weight=951 68 68 116 78 91 66 939 55 52 47 127 1306 44 64
leaf_count=912 42 64 69 39 63 64 904 41 40 47 122 1260 35 54
internal_value=-0.00128437 -0.00251006 0.00139389 0.0316749 0.000311849 -0.0048214 -0.000263883 0.00021438 -0.00363324 0.00247612 -0.000213205 -0.00406038 0.00139535 0.00043939
internal_weight=4072 3926 1460 146 1344 2466 1253 1185 1515 99 1130 1416 110 1003
internal_count=3756 3675 1317 81 1248 2358 1185 1121 1446 87 1080 1359 99 958
is_linear=0
shrinkage=0.05


Tree=22
num_leaves=15
num_cat=0
split_feature=85 47 100 85 91 24 89 77 85 161 2 101 54 7
split_gain=74.3156 15.9188 8.72266 2.7631 2.5923 2.14141 6.1392 1.43261 1.32202 1.27326 0.957104 0.955579 0.913971 0.798248
threshold=2.0500000000000003 0.9850000000000001 0.25303728070175446 0.58500000000000008 -0.22499999999999995 9.297070615237546 0.24500000000000002 0.17411665457578568 0.35500000000000004 47.850000000000001 6.5000000000000009 0.051832366246248748 0.019999999999999997 -0.62305379842581143
decision_type=10 2 2 10 8 2 10 2 10 2 2 2 2 2
left_child=1 2 -1 5 -5 8 -7 10 11 -6 -8 -4 -12 -11
right_child=-2 -3 3 4 9 6 7 -9 -10 13 12 -13 -14 -15
leaf_value=-0.0057523448763097777 0.033710924309451842 0.014847618390161257 -0.0025458843127392885 -0.0097065856475837351 0.0017032427342336693 0.016595919597549021 -0.0045034600837808572 0.0078558435009437651 -0.0016465119664492774 0.011418089510477854 -0.0010720086160204776 -0.0069207909701779584 0.0069788643647916626 0.0037535290466621518
leaf_weight=1614 148 130 218 41 322 54 197 42 647 66 297 292 40 70
leaf_count=1555 79 78 208 37 300 41 187 35 628 34 281 283 33 58
internal_value=-0.00108653 -0.00236445 -0.00293819 -0.000951286 0.00233831 -0.00186987 0.000475732 -0.00103554 -0.00314708 0.00341656 -0.00173486 -0.00505073 -0.000116415 0.0074731
internal_weight=4178 4030 3900 2286 499 1787 630 576 1157 458 534 510 337 136
internal_count=3837 3758 3680 2125 429 1696 577 536 1119 392 501 491 314 92
is_linear=0
shrinkage=0.05


Tree=23
num_leaves=15
num_cat=0
split_feature=94 146 96 54 7 85 173 97 64 164 160 96 92 51
split_gain=64.1244 11.7368 10.7571 6.17458 5.90582 3.18668 2.92659 1.54156 1.49933 1.18241 0.930053 0.710315 0.679567 1.26945
threshold=1.4916666666666669 52.95000000000001 0.25916666666666688 0.10000000000000007 0.22236532613271751 0.58500000000000008 1.7037687779554138 0.25479373219119106 0.20548693666531911 43.95000000000001 47.850000000000001 0.31000000000000022 0.020000000000000014 0.33500000000000008
decision_type=10 8 2 2 2 10 2 10 2 2 2 2 10 2
left_child=2 -2 8 5 -5 6 11 9 -1 -7 -11 -4 -13 -14
right_child=1 -3 3 4 -6 7 -8 -9 -10 10 -12 12 13 -15
leaf_value=-0.0054756492125884893 0.013752911786766762 0.03791560062931644 -0.0040490067008587269 0.00025355622728730182 0.02017366525219081 0.01103080353407445 0.01145783191512725 -0.0046712647657841449 0.0039822459036787583 0.0013770129813011685 0.0067965644386047408 -0.0021712145596812895 -0.00071149206356947671 0.0088639811868779367
leaf_weight=1643 94 108 353 77 72 51 41 60 43 276 111 924 257 40
leaf_count=1585 59 53 337 56 46 39 35 52 38 264 77 890 243 33
internal_value=-0.0008055 0.0266716 -0.00221137 4.18976e-05 0.00987938 -0.000651801 -0.00173005 0.00284492 -0.00523443 0.00387453 0.00293146 -0.00207357 -0.00150245 0.000578134
internal_weight=4150 202 3948 2262 149 2113 1615 498 1686 438 387 1574 1221 297
internal_count=3807 112 3695 2072 102 1970 1538 432 1623 380 341 1503 1166 276
is_linear=0
shrinkage=0.05


Tree=24
num_leaves=15
num_cat=0
split_feature=85 47 96 92 90 87 96 85 101 9 119 18 12 97
split_gain=64.4177 16.5126 6.7041 2.17583 2.21354 2.10909 1.64657 1.45538 1.29437 4.18325 1.14281 0.923269 0.766435 0.731107
threshold=2.0500000000000003 0.91500000000000015 0.33583333333333348 -0.28499999999999998 0.22500000000000003 0.83500000000000008 0.53500000000000025 0.19500000000000003 0.26897784040690381 23.500000000000004 0.06187499999999941 59.500000000000007 14.500000000000002 0.14569940297781173
decision_type=10 2 2 10 10 10 2 8 2 2 8 2 2 10
left_child=1 2 7 -4 -5 -3 13 -1 11 -10 -8 -9 -12 -6
right_child=-2 5 3 4 6 -7 10 8 9 -11 12 -13 -14 -15
leaf_value=-0.0059118623833718702 0.032203760482631363 0.008141158929275763 -0.0078663158765726396 0.0090808887301725063 -0.0011186037798407891 0.020008394151973804 0.0059591785344520658 -0.0041806089515141701 -0.0059748285246724398 0.013255647679870117 0.0033330614626351182 0.0019602946500078991 -0.0010752721628107663 -0.0076534006475574446
leaf_weight=934 143 72 87 68 876 78 138 1049 71 47 165 65 245 45
leaf_count=904 77 45 82 52 836 43 106 1021 68 39 162 42 229 42
internal_value=-0.000762001 -0.00195847 -0.00260243 -0.000173823 0.000261601 0.0143121 -0.000146644 -0.00442332 -0.00329484 0.00168477 0.0020235 -0.0038223 0.000698813 -0.00143789
internal_weight=4083 3940 3790 1624 1537 150 1469 2166 1232 118 548 1114 410 921
internal_count=3748 3671 3583 1509 1427 88 1375 2074 1170 107 497 1063 391 878
is_linear=0
shrinkage=0.05


Tree=25
num_leaves=15
num_cat=0
split_feature=85 47 88 59 88 93 90 85 177 85 10 23 50 26
split_gain=61.1526 13.4853 7.00996 4.31784 3.90156 1.78192 1.81237 1.84362 1.50138 1.20917 0.993757 0.836878 0.819224 1.43159
threshold=2.0500000000000003 0.9850000000000001 0.36500000000000005 2.7583333333333342 0.65500000000000014 -0.39999999999999991 0.24500000000000002 0.58500000000000008 3.5503993697145817 0.16500000000000004 30.500000000000004 31.458333333333339 0.27500000000000008 37.663095772693246
decision_type=10 2 10 2 10 10 10 10 2 10 2 2 2 2
left_child=1 2 8 -2 -3 11 -7 -8 9 -1 -9 -4 13 -11
right_child=3 4 5 -5 -6 6 7 10 -10 12 -12 -13 -14 -15
leaf_value=-0.0064052908857921784 0.021181089978884252 0.0046743265953409722 -0.0095303028017951884 0.038175197143152539 0.021697358433960635 0.0097511429813931932 -0.00086717543677740892 0.0012170475299437551 0.0052215835837636235 -0.0037365859135301931 0.0063207708146411235 -0.00079657740116090281 -0.0074020441315633097 0.0027173500042728532
leaf_weight=533 68 64 64 83 71 54 889 243 42 1540 157 48 137 91
leaf_count=517 43 45 60 39 35 42 854 238 38 1482 111 43 125 82
internal_value=-0.000703174 -0.00190201 -0.002454 0.0305222 0.0136272 0.00027187 0.000777175 0.000401229 -0.00414676 -0.00431776 0.00322026 -0.00578728 -0.00368843 -0.0033765
internal_weight=4084 3933 3798 151 135 1455 1343 1289 2343 2301 400 112 1768 1631
internal_count=3754 3672 3592 82 80 1348 1245 1203 2244 2206 349 103 1689 1564
is_linear=0
shrinkage=0.05


Tree=26
num_leaves=15
num_cat=0
split_feature=85 47 161 85 54 15 54 72 2 172 59 147 96 72
split_gain=64.9227 12.0979 8.07305 6.18152 4.84453 3.48463 1.89821 1.61151 1.47273 1.25462 1.44234 1.12538 1.10784 0.892375
threshold=1.9700000000000002 0.77500000000000013 47.650000000000013 0.27500000000000008 -0.014999999999999956 56.500000000000007 0.050000000000000037 3.7850000000000006 6.5000000000000009 44.541666666666671 0.19250000000000003 45.050000000000004 0.56083333333333385 3.2650000000000001
decision_type=10 2 2 10 2 2 2 2 2 2 2 10 2 2
left_child=1 3 5 13 -2 -3 8 -8 11 -10 12 -5 -11 -1
right_child=4 2 -4 6 -6 -7 7 -9 9 10 -12 -13 -14 -15
leaf_value=0.0015317005041288214 0.02195110845583657 -0.0067673168044683407 0.025354851035761738 0.003633135447042093 0.039711495166943396 0.010172863433137537 8.1886061551896008e-05 0.012358956748189834 0.0067460416001267733 -0.00065865747682946447 -0.00482229997351169 -0.0034001501673697216 0.0029557783171345457 -0.0046668788968671372
leaf_weight=60 73 51 62 63 81 75 55 52 70 636 144 585 318 1799
leaf_count=56 41 41 31 58 42 44 47 37 58 609 137 567 283 1733
internal_value=-0.000559919 -0.00179551 0.0105842 -0.00241089 0.0312926 0.00331612 -0.000423395 0.00604831 -0.000804712 0.000255859 -0.000157905 -0.00271636 0.000546154 -0.00446682
internal_weight=4124 3970 188 3782 154 126 1923 107 1816 1168 1098 648 954 1859
internal_count=3784 3701 116 3585 83 85 1796 84 1712 1087 1029 625 892 1789
is_linear=0
shrinkage=0.05


Tree=27
num_leaves=15
num_cat=0
split_feature=94 101 85 82 26 146 87 7 146 175 64 23 83 97
split_gain=48.993 13.2731 7.4216 3.39504 2.56282 3.97327 2.04224 1.66713 1.54964 1.14089 1.05783 2.36411 0.988828 1.99856
threshold=1.4916666666666669 1.7843394310605218 0.24500000000000002 3.3195833333333336 51.25952528875672 49.650000000000013 0.42500000000000004 0.074677835189816757 53.95000000000001 0.88083542459787967 0.10413679530428617 91.041666666666671 0.28425196882207843 0.22796198091435335
decision_type=10 2 10 2 2 10 10 2 10 2 2 2 2 10
left_child=2 -2 -1 -4 6 7 10 -6 12 -10 11 -5 13 -8
right_child=1 -3 3 4 5 -7 8 -9 9 -11 -12 -13 -14 -15
leaf_value=-0.0045597834191786106 0.0081873183420516152 0.035308470006461617 0.012499786438778616 -0.0021741302370121094 0.0071923347275686571 0.017890103518011721 0.00010920925698270743 -0.0048407231111981218 0.00045550868380814794 0.0099240485216594409 -0.0049851321900920287 0.010053010866033133 0.0054429330752464016 -0.0089809241285547618
leaf_weight=1580 76 111 52 673 53 47 867 63 57 72 302 42 75 65
leaf_count=1523 47 56 42 642 41 32 820 55 47 45 286 35 61 64
internal_value=-0.000721345 0.024286 -0.00190584 -0.000135043 -0.000418726 0.00562615 -0.000876374 0.00065714 0.000580669 0.00574028 -0.00250391 -0.00145589 -8.02936e-05 -0.000524759
internal_weight=4135 187 3948 2368 2316 163 2153 116 1136 129 1017 715 1007 932
internal_count=3796 103 3693 2170 2128 128 2000 96 1037 92 963 677 945 884
is_linear=0
shrinkage=0.05


Tree=28
num_leaves=15
num_cat=0
split_feature=85 47 96 100 93 47 93 97 85 87 7 20 60 92
split_gain=55.1566 9.48215 6.27495 1.98146 1.8343 1.78856 1.75121 1.39024 1.43678 1.0397 0.901186 0.847505 1.69371 0.609089
threshold=2.0500000000000003 1.2550000000000001 0.33583333333333348 0.29895833333333338 -0.22999999999999993 0.39500000000000007 0.15000000000000008 0.16383417986543078 0.57500000000000007 0.18500000000000003 -0.98813934156326522 12.948514040716935 0.051639777949428575 -0.014999999999999956
decision_type=10 2 2 2 10 2 10 10 10 8 2 2 2 10
left_child=1 2 9 -4 13 7 -7 8 10 -1 -6 -11 -13 -5
right_child=-2 -3 3 4 5 6 -8 -9 -10 11 -12 12 -14 -15
leaf_value=-0.0051259269103676279 0.029910688721833546 0.013459116180299545 0.010294644930399955 -0.0066376482789564763 0.0056514898821821112 0.010169782068341092 0.00019219893796997535 -0.0080855339541673101 0.0029469028910722723 -0.0033294689545683683 -0.001191259838640382 -0.0028976128797750089 0.0089108876238407752 -3.3132236179274814e-05
leaf_weight=857 144 102 48 128 51 90 86 52 356 1168 851 98 44 48
leaf_count=829 78 57 36 124 46 69 65 50 315 1130 822 89 32 42
internal_value=-0.000488916 -0.00158908 -0.00198498 0.000279448 -9.79922e-06 0.000561859 0.00529437 -7.39591e-05 0.000257203 -0.00377186 -0.000804364 -0.00288604 0.000761359 -0.00483642
internal_weight=4123 3979 3877 1710 1662 1486 176 1310 1258 2167 902 1310 142 176
internal_count=3784 3706 3649 1569 1533 1367 134 1233 1183 2080 868 1251 121 166
is_linear=0
shrinkage=0.05


Tree=29
num_leaves=15
num_cat=0
split_feature=85 47 54 88 89 17 85 91 101 19 100 91 85 11
split_gain=52.0787 11.3397 6.05326 5.73173 2.562 2.1178 1.4208 1.22672 1.01705 3.50578 0.881805 0.843034 0.788318 0.778025
threshold=2.0500000000000003 1.2550000000000001 -0.014999999999999956 0.30500000000000005 0.24500000000000002 81.000000000000014 0.48500000000000004 -0.17999999999999999 0.26897784040690381 30.833333333333339 0.6395833333333335 0.030000000000000009 0.29500000000000004 31.500000000000004
decision_type=10 2 2 10 10 2 10 8 2 2 2 10 10 2
left_child=1 3 -2 8 -5 6 12 -8 11 -10 -9 -1 -6 -12
right_child=2 -3 -4 4 5 -7 7 10 9 -11 13 -13 -14 -15
leaf_value=-0.0041261504103002012 0.01827201846241951 0.014511699004268106 0.038166496960016401 0.01041962504425707 -0.0057923759513903621 0.011287265108840075 -0.0069065757199294033 0.00026355964762652919 -0.0054851944474742197 0.012296518762758392 0.0013167458005755403 0.00091297069682215134 -0.0011968267112714762 0.0063772188143811186
leaf_weight=1805 75 110 78 60 106 40 45 489 78 43 162 87 780 143
leaf_count=1743 43 61 40 50 102 20 41 464 76 36 154 78 750 98
internal_value=-0.00020756 -0.00131677 0.0284143 -0.00177042 0.000258899 -8.65078e-05 -0.000350247 0.00112436 -0.00361022 0.000833927 0.00157952 -0.00389444 -0.00174663 0.00368936
internal_weight=4101 3948 153 3838 1825 1765 1725 839 2013 121 794 1892 886 305
internal_count=3756 3673 83 3612 1679 1629 1609 757 1933 112 716 1821 852 252
is_linear=0
shrinkage=0.05


Tree=30
num_leaves=15
num_cat=0
split_feature=85 47 21 88 100 93 146 56 85 55 50 56 88 50
split_gain=48.4135 9.4635 5.00852 4.71845 2.62997 1.96316 1.9533 1.46594 1.20664 1.17145 1.26346 0.9746 0.758305 0.86486
threshold=2.0500000000000003 0.9850000000000001 36.750000000000007 0.34500000000000003 0.29562500000000008 0.059999999999999977 47.550000000000004 -0.020000000000000004 0.45500000000000007 0.085000000000000006 0.10500000000000002 0.045000000000000026 0.17500000000000002 0.40500000000000008
decision_type=10 2 2 10 2 10 10 2 10 2 2 2 10 2
left_child=1 3 -2 9 -5 7 -7 -6 -9 12 -11 -10 -1 -14
right_child=2 -3 -4 4 5 6 -8 8 11 10 -12 -13 13 -15
leaf_value=-0.0049853224949719778 0.01801947792991996 0.012200184407899337 0.036442438513040541 0.012889291491592304 -0.0034678494379275769 0.011989582059470844 0.0014845486058482618 -0.0020312463567268278 0.00096604719384071338 0.007685779452246304 -0.0023211281816222016 0.0080146730354668013 -0.0027073182365506027 -0.0091024834129282018
leaf_weight=681 70 124 78 40 379 59 177 370 534 48 92 54 1363 55
leaf_count=660 42 71 39 31 360 43 150 358 506 41 87 43 1301 53
internal_value=-0.000350421 -0.00139563 0.0277289 -0.00183329 0.000228461 -9.34928e-05 0.00411081 -0.000835613 0.000205742 -0.0033186 0.00110981 0.00161337 -0.00361397 -0.00295537
internal_weight=4124 3976 148 3852 1613 1573 236 1337 958 2239 140 588 2099 1418
internal_count=3785 3704 81 3633 1491 1460 193 1267 907 2142 128 549 2014 1354
is_linear=0
shrinkage=0.05


Tree=31
num_leaves=15
num_cat=0
split_feature=47 96 88 90 47 54 101 25 98 95 93 7 90 19
split_gain=41.6342 12.5525 4.61876 2.23697 2.22246 3.1282 1.87035 1.82054 1.24816 1.14507 1.37837 2.45709 1.55844 1.03754
threshold=1.9750000000000003 2.7741666666666673 0.36500000000000005 0.22500000000000003 0.38500000000000006 -0.019999999999999931 0.12280757206425597 39.395833333333336 0.49541666666666678 0.15405318971623119 0.020000000000000014 0.9742461497611784 0.67500000000000016 113.33333333333336
decision_type=2 2 10 10 2 2 2 2 2 10 10 2 10 2
left_child=1 2 9 -4 6 -6 8 -7 -5 10 -1 12 13 -12
right_child=-2 -3 3 4 5 7 -8 -9 -10 -11 11 -13 -14 -15
leaf_value=-0.0036544273159066936 0.025839267715122807 0.025838904581697925 0.0095077723568079611 -0.0016018017964374556 -0.0035436995243607705 0.002525262587097666 -0.0046628401226674523 0.013769224511248641 0.0019402779477489991 -0.010745292428653054 -0.0030665268632854054 0.0095664442633706659 0.007362049402192582 0.0049933975492062613
leaf_weight=1639 146 42 66 481 76 63 243 84 515 47 559 51 43 43
leaf_count=1578 74 23 51 465 62 53 234 53 470 45 538 41 35 35
internal_value=-0.00038123 -0.0013499 -0.00164196 0.000503668 9.71899e-05 0.00469231 -0.000729858 0.00895038 0.000229695 -0.00301833 -0.00286279 -0.000998586 -0.00183396 -0.00249082
internal_weight=4098 3952 3910 1528 1462 223 1239 147 996 2382 2335 696 645 602
internal_count=3757 3683 3660 1388 1337 168 1169 106 935 2272 2227 649 608 573
is_linear=0
shrinkage=0.05


Tree=32
num_leaves=15
num_cat=0
split_feature=94 47 88 90 47 150 51 93 89 155 59 26 177 86
split_gain=43.3827 13.3538 4.33244 2.48788 1.86347 1.98671 1.4905 1.14545 0.950182 1.38791 0.890277 1.26968 1.39927 0.786949
threshold=1.9600000000000002 1.2550000000000001 0.36500000000000005 0.22500000000000003 0.38500000000000006 0.41000000000000375 0.095000000000000015 0.044999999999999991 0.19500000000000003 45.587500000000013 0.24250000000000005 29.657311517578009 0.52924439090575726 0.47500000000000003
decision_type=10 2 10 10 2 10 2 8 8 2 2 2 2 10
left_child=1 2 8 -4 6 7 13 -6 -1 -10 11 -11 -13 -5
right_child=-2 -3 3 4 5 -7 -8 -9 9 10 -12 12 -14 -15
leaf_value=-0.0040955949563533543 0.026736217649846239 0.017719686902431853 0.010330352925642904 -0.0013899326233112953 -0.0045670760643075816 0.011196969919806118 -0.0035807256111890055 0.0053452281408094531 0.0039834091131146368 -0.0026024041245455011 -0.0064299124882836629 0.0086994116164913239 -0.0020623199381942015 0.0015394922158959209
leaf_weight=974 145 92 62 377 55 73 313 62 89 1040 128 55 67 585
leaf_count=933 77 50 48 360 50 50 306 45 79 1005 118 41 66 535
internal_value=-0.000127023 -0.00110768 -0.0015541 0.000519913 0.000104727 0.00472418 -0.000583662 0.000685598 -0.00290005 -0.00205563 -0.00247228 -0.00203632 0.00278928 0.000391474
internal_weight=4117 3972 3880 1527 1465 190 1275 117 2353 1379 1290 1162 122 962
internal_count=3763 3686 3636 1394 1346 145 1201 95 2242 1309 1230 1112 107 895
is_linear=0
shrinkage=0.05


Tree=33
num_leaves=15
num_cat=0
split_feature=85 54 47 100 17 89 24 160 161 176 52 48 2 6
split_gain=43.8714 7.44585 6.77972 4.04019 2.36803 2.02825 7.41124 1.55291 0.861388 1.87227 1.00486 1.23363 1.08288 1.16244
threshold=1.9700000000000002 -0.014999999999999956 1.425 0.26354166666666673 86.500000000000014 0.24500000000000002 10.400137699232848 48.45000000000001 42.63750000000001 43.122395833333336 0.14500000000000005 0.39500000000000007 8.5000000000000018 0.29454905352884414
decision_type=10 2 2 2 2 10 2 2 2 2 2 2 2 2
left_child=2 -2 3 -1 5 6 -5 8 -7 -10 11 -11 -12 -14
right_child=1 -3 -4 4 -6 7 -8 -9 9 10 12 -13 13 -15
leaf_value=-0.0033283737630395906 0.01415672545701685 0.036212342223489145 0.012980918861162592 -0.0029853128099766296 0.011992248738533818 -0.0046243823424822863 0.023271961428406762 0.004076980289391941 0.0071597230897471791 -0.00070321510475744586 -0.0058520528430703262 0.0075505175449429671 0.0029515277241094176 -0.0050098378740452663
leaf_weight=1657 71 83 83 78 40 155 41 160 72 1231 201 47 104 82
leaf_count=1596 42 43 46 74 20 150 28 119 61 1194 194 38 87 79
internal_value=-0.000137836 0.0260438 -0.00115833 -0.00146173 -6.28088e-05 -0.00028492 0.00606131 -0.000652951 -0.00105295 -0.000734251 -0.00107561 -0.000399674 -0.00330778 -0.000558322
internal_weight=4105 154 3951 3868 2211 2171 119 2052 1892 1737 1665 1278 387 186
internal_count=3771 85 3686 3640 2044 2024 102 1922 1803 1653 1592 1232 360 166
is_linear=0
shrinkage=0.05


Tree=34
num_leaves=15
num_cat=0
split_feature=85 88 48 157 101 64 58 100 26 177 63 60 62 63
split_gain=45.3537 5.90653 6.09474 4.70189 1.71313 3.29315 1.6648 1.79448 1.47139 1.52867 1.35325 1.65934 0.840656 2.74504
threshold=2.0500000000000003 0.49500000000000005 0.9850000000000001 42.207083333333337 0.22955019194407403 0.2462050683013994 0.23459184413211059 0.25303728070175446 51.25952528875672 1.5531114922312994 0.26312500000000011 0.071239025600257244 0.05053501636292472 0.23395833333333341
decision_type=10 10 2 2 2 2 2 2 2 2 2 2 2 2
left_child=1 3 4 -1 5 10 7 -5 9 12 11 -3 13 -9
right_child=-2 2 -4 6 -6 -7 -8 8 -10 -11 -12 -13 -14 -15
leaf_value=0.024952786299400034 0.027433864289316642 0.0012475368912296875 0.014462409474347768 -0.0031955474207683342 -0.0030757466098600018 0.015530060822956413 -0.010202277771895751 -0.0013009782316099781 0.0071205842312784835 0.0075885399249477348 -0.007408861177064842 0.011814990693237633 -0.0035963694719035495 0.010507515476246437
leaf_weight=15.999999999999998 145 521 95 1604 190 44 64 919 57 49 41 40 328 52
leaf_count=11 78 479 51 1542 169 33 58 880 43 42 40 29 314 44
internal_value=-3.86295e-05 -0.00102955 0.00246151 -0.00208173 0.00109777 0.00232527 -0.00222249 -0.00205276 -0.000748118 -0.00108084 0.00136014 0.00200101 -0.00140787 -0.000668598
internal_weight=4165 4020 931 3089 836 646 3073 3009 1405 1348 602 561 1299 971
internal_count=3813 3735 801 2934 750 581 2923 2865 1323 1280 548 508 1238 924
is_linear=0
shrinkage=0.05


Tree=35
num_leaves=15
num_cat=0
split_feature=85 47 141 85 173 17 91 51 85 7 138 24 101 11
split_gain=40.28 6.81807 4.80377 3.08794 1.81363 1.46409 1.49646 1.32633 1.24317 0.882665 0.917786 0.727881 0.69304 1.33793
threshold=2.0500000000000003 0.9850000000000001 49.750000000000007 0.24500000000000002 2.7877607360868559 95.000000000000014 -0.26999999999999974 0.91500000000000015 0.42500000000000004 -0.95490457829871789 0.059583333333333342 1.8340219092616914 0.046833586797121345 75.500000000000014
decision_type=10 2 10 10 2 2 8 2 10 2 8 2 2 2
left_child=1 3 -3 -1 5 6 -5 8 12 10 -10 -11 13 -8
right_child=-2 2 -4 4 -6 -7 7 -9 9 11 -12 -13 -14 -15
leaf_value=-0.0031459472830534033 0.027345287857591646 0.00057507015428402361 0.018903860469466786 -0.010234411077108235 0.0097917933987363634 0.0080869467111722559 -0.0015704445584011505 0.0065042853625720577 0.0099361769908379461 0.0029229980986565356 0.00069412590890977782 -0.00064933408217233621 -0.0037502960961844239 0.0078662130498560155
leaf_weight=1572 129 72 71 40 44 49 616 66 48 175 61 770 350 40
leaf_count=1517 70 46 36 34 37 24 599 52 35 170 59 722 334 34
internal_value=-0.000151556 -0.00104413 0.00967538 -0.00144426 -0.000260083 -0.000459759 -0.000653106 -0.000472837 -0.000696375 0.00050362 0.00476402 1.22089e-05 -0.00195363 -0.000995039
internal_weight=4103 3974 143 3831 2259 2215 2166 2126 2060 1054 109 945 1006 656
internal_count=3769 3699 82 3617 2100 2063 2039 2005 1953 986 94 892 967 633
is_linear=0
shrinkage=0.05


Tree=36
num_leaves=15
num_cat=0
split_feature=94 15 91 87 24 166 55 100 100 60 99 146 62 95
split_gain=29.0964 8.33755 4.04912 3.19731 1.91041 3.78882 1.89231 1.3626 1.07195 1.75255 1.24662 1.07167 0.829981 0.701364
threshold=1.4916666666666669 36.500000000000007 0.40000000000000019 0.35500000000000004 40.128131759605687 44.95000000000001 0.43000000000000005 0.29187500000000005 0.63645833333333346 0.33304010988716021 0.21912153379923105 43.550000000000004 0.055806748716180653 0.025166114783687958
decision_type=10 2 10 10 2 2 2 2 2 2 2 10 2 10
left_child=2 -2 3 11 6 -6 7 -5 10 12 -9 -1 -10 -13
right_child=1 -3 -4 4 5 -7 -8 8 9 -11 -12 13 -14 -15
leaf_value=0.0052178103766478178 0.028926785629574615 0.0072421993494411058 0.014109870349598486 0.010442552197491751 -0.0019438549824026896 0.016738690028846488 -0.010653502732606197 -0.00040295412443675074 0.0027356105784603741 0.011539849860386718 -0.0078902288825424809 -0.0023425066043333814 -0.0026022480132719765 -0.0051036861395830505
leaf_weight=44 101 79 43 32 58 51 41 963 228 45 59 1992 107 260
leaf_count=40 55 46 27 25 52 31 30 921 200 31 58 1906 99 250
internal_value=-0.000247108 0.0194097 -0.00114902 -0.00131813 0.000409912 0.00679752 -6.21209e-05 0.000240701 7.8485e-06 0.00227519 -0.000835194 -0.0025103 0.00103068 -0.00266129
internal_weight=4103 180 3923 3880 1584 109 1475 1434 1402 380 1022 2296 335 2252
internal_count=3771 101 3670 3643 1447 83 1364 1334 1309 330 979 2196 299 2156
is_linear=0
shrinkage=0.05


Tree=37
num_leaves=15
num_cat=0
split_feature=85 26 85 55 83 47 97 7 154 64 128 94 101 90
split_gain=41.6229 4.90373 2.53947 1.90354 1.91436 3.15205 2.00495 1.08601 0.931436 0.802328 3.08609 0.667744 0.655788 0.560739
threshold=2.0500000000000003 69.786348799665802 0.42500000000000004 0.46500000000000008 0.20793737104889073 0.19500000000000003 0.22796198091435335 -0.97424614976117807 2.5823116130090655 0.28801634902282153 0.055000000000000007 0.66166666666666696 0.093703481005078762 0.15500000000000003
decision_type=10 2 10 2 2 2 10 2 2 2 8 10 2 8
left_child=1 2 8 4 6 -6 7 -4 9 12 -11 -9 13 -1
right_child=-2 -3 3 -5 5 -7 -8 11 -10 10 -12 -13 -14 -15
leaf_value=-0.0039237582260123393 0.026694696637795126 0.011028449986285221 0.0064668822256375991 -0.0094906100922304663 -0.0013225516414968298 0.011191234886689792 -0.0090587361671576466 -0.00075724301860304001 0.0051091364274422329 -0.003767731755785873 0.011606701715451589 0.00256471576694913 -0.0046525082835379341 -0.0018770213761981223
leaf_weight=418 139 81 71 46 95 107 58 641 42 102 48 198 340 1678
leaf_count=402 75 49 55 36 91 76 53 624 38 99 37 168 331 1609
internal_value=-0.000194131 -0.00114637 -0.00140292 0.000486361 0.000878618 0.00530604 -4.52863e-05 0.000529197 -0.0022771 -0.00239707 0.00115209 2.67234e-05 -0.00261561 -0.0022852
internal_weight=4064 3925 3844 1216 1170 202 968 910 2628 2586 150 839 2436 2096
internal_count=3743 3668 3619 1103 1067 167 900 847 2516 2478 136 792 2342 2011
is_linear=0
shrinkage=0.05


Tree=38
num_leaves=15
num_cat=0
split_feature=85 91 88 23 166 94 78 155 49 7 57 88 62 85
split_gain=41.0462 4.92775 3.15244 1.5876 3.14478 2.83614 1.93025 1.86298 1.82538 1.37783 0.795593 0.706358 0.577532 0.574573
threshold=2.0500000000000003 0.40000000000000019 0.36500000000000005 34.208333333333336 48.050000000000004 0.81500000000000028 3.8291666666666671 46.837500000000013 0.39500000000000007 0.99650645734082077 0.35500000000000032 0.17500000000000002 0.17520010164437896 0.30500000000000005
decision_type=10 10 10 2 2 10 2 2 2 2 2 10 2 10
left_child=1 2 9 5 6 8 7 -5 13 10 11 -1 -9 -4
right_child=-2 -3 3 4 -6 -7 -8 12 -10 -11 -12 -13 -14 -15
leaf_value=-0.0035549940102450675 0.0261423042171622 0.016184956846492633 -0.0057414227295666939 0.007350871964793085 0.0098434117366181222 -0.011911946463246401 0.010391634002492841 -9.1793721543478076e-05 0.0079120523476824706 0.0048718449074093874 -0.0068578238754829117 -0.0016081260303324495 -0.0042343524545282339 -0.00021934721367664639
leaf_weight=673 146 42 50 69 123 52 48 229 69 67 96 1514 133 814
leaf_count=655 78 25 49 47 79 45 37 212 56 57 89 1444 116 797
internal_value=0.000104447 -0.000850951 -0.00103269 0.000689004 0.00271189 -0.000547319 0.000880624 -0.000178607 8.60791e-05 -0.00219538 -0.00240279 -0.00220723 -0.00161378 -0.000538912
internal_weight=4125 3979 3937 1587 602 985 479 431 933 2350 2283 2187 362 864
internal_count=3786 3708 3683 1438 491 947 412 375 902 2245 2188 2099 328 846
is_linear=0
shrinkage=0.05


Tree=39
num_leaves=15
num_cat=0
split_feature=85 47 91 85 160 58 58 70 14 21 54 53 85 15
split_gain=34.8707 7.53624 2.02515 2.40229 1.89304 2.48661 1.07079 0.87146 2.3723 0.639651 0.584607 0.48862 0.476181 0.479798
threshold=2.2950000000000004 1.425 -0.29499999999999987 0.27500000000000008 47.650000000000013 0.072341781380478004 0.13012814197295414 3.8350000000000004 66.500000000000014 31.083333333333339 -0.020000000000000004 0.41500000000000004 0.48500000000000004 56.500000000000007
decision_type=10 2 8 10 2 2 2 2 2 2 2 2 10 2
left_child=1 2 -1 6 7 9 11 10 -9 -6 -5 -4 -12 -14
right_child=-2 -3 3 4 5 -7 -8 8 -10 -11 12 -13 13 -15
leaf_value=-0.011436592659695035 0.027138713643602704 0.013676665793173016 -0.0026402193040920207 -0.0034037716961133162 -0.00095665274183265878 0.012682150188641298 0.0056886287406086927 -0.00063005577458615804 0.01184096982380232 0.0041873525724642809 -0.0012174028814164752 0.0018774508093033109 0.00013532602658445733 0.0046930155305636261
leaf_weight=47 115 88 1728 196 125 63 41 143 52 117 807 62 418 67
leaf_count=40 62 50 1673 184 117 43 33 135 40 81 771 56 407 54
internal_value=-2.2912e-06 -0.000791673 -0.00112101 -0.000994056 0.000209437 0.00383382 -0.00230074 -0.000447387 0.00269555 0.00153033 -0.000859264 -0.00248374 -0.000473255 0.000764945
internal_weight=4069 3954 3866 3819 1988 305 1831 1683 195 242 1488 1790 1292 485
internal_count=3746 3684 3634 3594 1832 241 1762 1591 175 198 1416 1729 1232 461
is_linear=0
shrinkage=0.05


Tree=40
num_leaves=15
num_cat=0
split_feature=85 47 91 100 173 155 48 91 94 10 99 100 93 57
split_gain=29.3063 7.65009 3.02201 2.88201 2.82241 1.71556 2.97678 1.06466 1.35109 1.05843 0.867199 1.26834 1.04129 0.784319
threshold=3.2700000000000005 2.2600000000000002 -0.26999999999999974 0.26354166666666673 2.7877607360868559 52.64583333333335 0.32500000000000007 0.050000000000000037 0.54166666666666685 28.500000000000004 0.24125286148354094 0.6395833333333335 0.034999999999999983 0.2166666666666669
decision_type=10 2 8 2 2 2 2 10 10 2 2 2 10 2
left_child=1 2 -1 -4 5 7 9 10 -9 -7 11 13 -13 -5
right_child=-2 -3 3 4 -6 6 -8 8 -10 -11 -12 12 -14 -15
leaf_value=-0.01192788883157435 0.027122188359498978 0.015938193000414793 -0.0023862056998367148 -0.00059945383562060982 0.012623504631261787 -0.0013159786158560545 0.013590169443111672 0.0078891102432680788 -0.0016593866708243022 0.0040332143916892386 -0.0041324697301574603 0.0013491091773926564 0.010608768046076876 -0.004375539076571823
leaf_weight=62 97 68 1652 1108 46 188 57 80 69 182 189 126 40 157
leaf_count=54 52 34 1593 1065 37 184 37 69 54 129 172 124 30 150
internal_value=-3.5465e-05 -0.00069011 -0.000975935 -0.000801559 0.000366075 0.000109317 0.00295382 -0.000577288 0.00346732 0.00131525 -0.000949292 -0.000528872 0.00358035 -0.00106811
internal_weight=4121 4024 3956 3894 2242 2196 427 1769 149 370 1620 1431 166 1265
internal_count=3784 3732 3698 3644 2051 2014 350 1664 123 313 1541 1369 154 1215
is_linear=0
shrinkage=0.05


Tree=41
num_leaves=15
num_cat=0
split_feature=85 47 54 156 54 176 47 85 99 90 64 90 90 160
split_gain=31.1968 9.60323 2.24981 4.50429 2.39434 2.86792 2.33544 1.63766 1.43239 2.13704 0.829963 0.605909 0.503665 0.425069
threshold=3.2700000000000005 1.9750000000000003 0.070000000000000048 0.63311399710761573 -0.33499999999999991 38.772916666666674 0.8650000000000001 0.30500000000000005 0.24125286148354094 0.24500000000000002 0.28801634902282153 0.40500000000000008 0.38500000000000006 48.45000000000001
decision_type=10 2 2 2 2 2 2 10 2 8 2 10 10 2
left_child=1 2 4 -4 -1 -6 7 10 9 -9 12 -5 -7 -11
right_child=-2 -3 3 11 5 6 -8 8 -10 13 -12 -13 -14 -15
leaf_value=-0.011907443024364174 0.027622466930879816 0.015922811308383255 0.012689296248924183 -0.0052554885735330379 0.027191074358092416 -0.0020972871509514317 0.010382659155452117 0.008695590883662464 -0.0051786799628679887 -0.00031957010536716555 0.0034088341786173261 0.0021528192421259441 -0.0047273052959616174 0.0027146953579393171
leaf_weight=51 101 87 89 69 8.9999999999999982 1691 44 73 127 1375 64 46 204 126
leaf_count=44 52 43 65 59 6 1626 28 58 123 1327 58 35 201 86
internal_value=0.00017377 -0.000509908 -0.000870203 0.00424386 -0.00114737 -0.000999578 -0.00106808 -0.00120573 -7.07063e-05 0.000341436 -0.00219128 -0.00229217 -0.00238041 -6.48616e-05
internal_weight=4156 4055 3968 204 3764 3713 3704 3660 1701 1574 1959 115 1895 1501
internal_count=3811 3759 3716 159 3557 3513 3507 3479 1594 1471 1885 94 1827 1413
is_linear=0
shrinkage=0.05


Tree=42
num_leaves=15
num_cat=0
split_feature=85 54 160 72 88 146 11 89 59 85 71 56 62 170
split_gain=26.7628 6.40809 7.24795 2.75083 2.27609 1.89394 2.92274 2.58607 2.15505 1.48077 0.933145 1.40633 0.567867 0.556088
threshold=3.2700000000000005 0.080000000000000057 47.150000000000013 3.7550000000000003 0.36500000000000005 53.95000000000001 41.500000000000007 1.5050000000000001 1.2991666666666668 0.50500000000000012 3.4450000000000007 0.084999999999999951 0.12031524183231633 43.916666666666679
decision_type=10 2 2 2 10 10 2 10 2 10 2 2 2 2
left_child=1 4 3 -3 9 7 -7 8 10 13 12 -12 -6 -1
right_child=-2 2 -4 -5 5 6 -8 -9 -10 -11 11 -13 -14 -15
leaf_value=-0.0028864180375262781 0.026386763524026316 -0.0063736276617121015 0.022003228628327924 0.0071776304146774191 -0.0013913289349030463 0.0010716117379654731 0.016073415034074098 -0.010506512634034654 0.010682103567523882 -0.011081750760010133 -0.00015042249782492963 0.007122776278911132 -0.0086785468550280055 -0.0012656314450798232
leaf_weight=887 94 61 63 97 62 105 47 58 48 45 1040 71 47 1312
leaf_count=851 49 50 36 72 60 84 31 49 31 42 998 55 43 1269
internal_value=2.0068e-05 -0.000608507 0.00766354 0.00194582 -0.00109967 0.000423854 0.00571033 -0.000182137 0.000290114 -0.00210314 -0.000118751 0.000314381 -0.00453352 -0.0019194
internal_weight=4037 3943 221 158 3722 1478 152 1326 1268 2244 1220 1111 109 2199
internal_count=3720 3671 158 122 3513 1351 115 1236 1187 2162 1156 1053 103 2120
is_linear=0
shrinkage=0.05


end of trees

feature_importances:
treated_ntu_lag1=76
filtered_ntu=38
filtered_ntu_change1=26
treated_ntu_rollmean3=23
treated_ntu_lag6=21
treated_ntu_rollmean6=21
treated_ntu_rollmean24=20
treated_ntu_rollstd24=20
treated_ntu_lag24=17
raw_water_flow_lag12=17
treated_ntu_change3=13
week_cos=12
filtered_ntu_change3=11
filtered_ntu_rollstd24=11
raw_water_flow_rollmean12=11
raw_water_ntu_rollstd12=10
treated_ntu_change1=10
treated_ntu_lag3=9
treated_ntu_change6=9
treated_water_flow=9
treated_ntu_lag2=8
treated_ntu_lag12=8
filtered_ntu_change6=7
filtered_ntu_rollstd12=7
raw_water_flow_rollmean24=7
raw_water_ntu_rollmean6=6
raw_water_ntu_rollstd24=6
filtered_ntu_rollstd3=6
filtered_ntu_rollmean6=6
filtered_ntu_rollstd6=6
treated_ntu_rollstd6=6
treated_ntu_rollmean12=6
treated_ntu_rollstd12=6
raw_water_ntu_lag1=5
raw_water_ntu_lag2=5
raw_water_ntu_change6=5
month=4
raw_water_ntu_change3=4
filtered_ntu_lag1=4
filtered_ntu_lag3=4
filtered_ntu_lag6=4
clear_well_level_rollstd24=4
treated_water_flow_lag1=4
treated_water_flow_rollmean3=4
treated_water_flow_rollmean6=4
treated_water_flow_rollstd6=4
treated_water_flow_rollmean24=4
treated_water_flow_rollstd24=4
raw_water_ntu=3
raw_water_ntu_lag12=3
raw_water_ntu_lag24=3
raw_water_ntu_rollmean3=3
raw_water_ntu_rollmean12=3
filtered_ntu_rollmean3=3
filtered_ntu_rollmean24=3
clear_well_level_lag24=3
week_sin=2
filtered_ntu_rollmean12=2
clear_well_level_lag6=2
clear_well_level_rollmean6=2
treated_ntu_rollstd3=2
alum_dosage_rollmean24=2
alum_dosage_rollstd24=2
raw_water_flow_rollmean6=2
treated_water_flow_lag24=2
treated_water_flow_rollstd12=2
weekday=1
day_sin=1
raw_water_ntu_lag3=1
raw_water_ntu_lag6=1
raw_water_ntu_rollstd3=1
raw_water_ntu_rollmean24=1
filtered_ntu_lag2=1
filtered_ntu_lag12=1
filtered_ntu_lag24=1
clear_well_level_lag2=1
clear_well_level_lag12=1
clear_well_level_rollstd3=1
clear_well_level_rollstd6=1
clear_well_level_rollmean12=1
clear_well_level_rollstd12=1
clear_well_level_rollmean24=1
alum_feed_rate_rollmean24=1
alum_dosage_lag24=1
raw_water_flow=1
raw_water_flow_lag3=1
raw_water_flow_lag24=1
raw_water_flow_change6=1
raw_water_flow_rollstd6=1
raw_water_flow_rollstd12=1
treated_water_flow_lag6=1
treated_water_flow_rollmean12=1

parameters:
[boosting: gbdt]
[objective: huber]
[metric: huber]
[tree_learner: serial]
[device_type: cpu]
[data_sample_strategy: bagging]
[data: ]
[valid: ]
[num_iterations: 43]
[learning_rate: 0.05]
[num_leaves: 15]
[num_threads: 1]
[seed: 2026]
[deterministic: 1]
[force_col_wise: 1]
[force_row_wise: 0]
[histogram_pool_size: -1]
[max_depth: -1]
[min_data_in_leaf: 40]
[min_sum_hessian_in_leaf: 0.001]
[bagging_fraction: 0.8]
[pos_bagging_fraction: 1]
[neg_bagging_fraction: 1]
[bagging_freq: 1]
[bagging_seed: 26038]
[bagging_by_query: 0]
[feature_fraction: 0.8]
[feature_fraction_bynode: 1]
[feature_fraction_seed: 28694]
[extra_trees: 0]
[extra_seed: 4728]
[early_stopping_round: 0]
[early_stopping_min_delta: 0]
[first_metric_only: 0]
[max_delta_step: 0]
[lambda_l1: 0]
[lambda_l2: 0]
[linear_lambda: 0]
[min_gain_to_split: 0]
[drop_rate: 0.1]
[max_drop: 50]
[skip_drop: 0.5]
[xgboost_dart_mode: 0]
[uniform_drop: 0]
[drop_seed: 5409]
[top_rate: 0.2]
[other_rate: 0.1]
[min_data_per_group: 100]
[max_cat_threshold: 32]
[cat_l2: 10]
[cat_smooth: 10]
[max_cat_to_onehot: 4]
[top_k: 20]
[monotone_constraints: ]
[monotone_constraints_method: basic]
[monotone_penalty: 0]
[feature_contri: ]
[forcedsplits_filename: ]
[refit_decay_rate: 0.9]
[cegb_tradeoff: 1]
[cegb_penalty_split: 0]
[cegb_penalty_feature_lazy: ]
[cegb_penalty_feature_coupled: ]
[path_smooth: 0]
[interaction_constraints: ]
[verbosity: -1]
[saved_feature_importance_type: 0]
[use_quantized_grad: 0]
[num_grad_quant_bins: 4]
[quant_train_renew_leaf: 0]
[stochastic_rounding: 1]
[linear_tree: 0]
[max_bin: 255]
[max_bin_by_feature: ]
[min_data_in_bin: 3]
[bin_construct_sample_cnt: 200000]
[data_random_seed: 6654]
[is_enable_sparse: 1]
[enable_bundle: 1]
[use_missing: 1]
[zero_as_missing: 0]
[feature_pre_filter: 1]
[pre_partition: 0]
[two_round: 0]
[header: 0]
[label_column: ]
[weight_column: ]
[group_column: ]
[ignore_column: ]
[categorical_feature: ]
[forcedbins_filename: ]
[precise_float_parser: 0]
[parser_config_file: ]
[objective_seed: 199]
[num_class: 1]
[is_unbalance: 0]
[scale_pos_weight: 1]
[sigmoid: 1]
[boost_from_average: 1]
[reg_sqrt: 0]
[alpha: 0.9]
[fair_c: 1]
[poisson_max_delta_step: 0.7]
[tweedie_variance_power: 1.5]
[lambdarank_truncation_level: 30]
[lambdarank_norm: 1]
[label_gain: ]
[lambdarank_position_bias_regularization: 0]
[eval_at: ]
[multi_error_top_k: 1]
[auc_mu_weights: ]
[num_machines: 1]
[local_listen_port: 12400]
[time_out: 120]
[machine_list_filename: ]
[machines: ]
[gpu_platform_id: -1]
[gpu_device_id: -1]
[gpu_use_dp: 0]
[num_gpu: 1]

end of parameters

pandas_categorical:[]
