tree
version=v4
num_class=1
num_tree_per_iteration=1
label_index=0
max_feature_idx=179
objective=huber
feature_names=hour weekday month is_rainy_season day_sin day_cos week_sin week_cos missing_raw_water_ntu raw_water_ntu raw_water_ntu_lag1 raw_water_ntu_lag2 raw_water_ntu_lag3 raw_water_ntu_lag6 raw_water_ntu_lag12 raw_water_ntu_lag24 raw_water_ntu_change1 raw_water_ntu_change3 raw_water_ntu_change6 raw_water_ntu_rollmean3 raw_water_ntu_rollstd3 raw_water_ntu_rollmean6 raw_water_ntu_rollstd6 raw_water_ntu_rollmean12 raw_water_ntu_rollstd12 raw_water_ntu_rollmean24 raw_water_ntu_rollstd24 missing_raw_water_ph raw_water_ph raw_water_ph_lag1 raw_water_ph_lag2 raw_water_ph_lag3 raw_water_ph_lag6 raw_water_ph_lag12 raw_water_ph_lag24 raw_water_ph_change1 raw_water_ph_change3 raw_water_ph_change6 raw_water_ph_rollmean3 raw_water_ph_rollstd3 raw_water_ph_rollmean6 raw_water_ph_rollstd6 raw_water_ph_rollmean12 raw_water_ph_rollstd12 raw_water_ph_rollmean24 raw_water_ph_rollstd24 missing_filtered_ntu filtered_ntu filtered_ntu_lag1 filtered_ntu_lag2 filtered_ntu_lag3 filtered_ntu_lag6 filtered_ntu_lag12 filtered_ntu_lag24 filtered_ntu_change1 filtered_ntu_change3 filtered_ntu_change6 filtered_ntu_rollmean3 filtered_ntu_rollstd3 filtered_ntu_rollmean6 filtered_ntu_rollstd6 filtered_ntu_rollmean12 filtered_ntu_rollstd12 filtered_ntu_rollmean24 filtered_ntu_rollstd24 missing_clear_well_level clear_well_level clear_well_level_lag1 clear_well_level_lag2 clear_well_level_lag3 clear_well_level_lag6 clear_well_level_lag12 clear_well_level_lag24 clear_well_level_change1 clear_well_level_change3 clear_well_level_change6 clear_well_level_rollmean3 clear_well_level_rollstd3 clear_well_level_rollmean6 clear_well_level_rollstd6 clear_well_level_rollmean12 clear_well_level_rollstd12 clear_well_level_rollmean24 clear_well_level_rollstd24 missing_treated_ntu treated_ntu_lag1 treated_ntu_lag2 treated_ntu_lag3 treated_ntu_lag6 treated_ntu_lag12 treated_ntu_lag24 treated_ntu_change1 treated_ntu_change3 treated_ntu_change6 treated_ntu_rollmean3 treated_ntu_rollstd3 treated_ntu_rollmean6 treated_ntu_rollstd6 treated_ntu_rollmean12 treated_ntu_rollstd12 treated_ntu_rollmean24 treated_ntu_rollstd24 missing_alum_feed_rate alum_feed_rate alum_feed_rate_lag1 alum_feed_rate_lag2 alum_feed_rate_lag3 alum_feed_rate_lag6 alum_feed_rate_lag12 alum_feed_rate_lag24 alum_feed_rate_change1 alum_feed_rate_change3 alum_feed_rate_change6 alum_feed_rate_rollmean3 alum_feed_rate_rollstd3 alum_feed_rate_rollmean6 alum_feed_rate_rollstd6 alum_feed_rate_rollmean12 alum_feed_rate_rollstd12 alum_feed_rate_rollmean24 alum_feed_rate_rollstd24 missing_alum_dosage alum_dosage alum_dosage_lag1 alum_dosage_lag2 alum_dosage_lag3 alum_dosage_lag6 alum_dosage_lag12 alum_dosage_lag24 alum_dosage_change1 alum_dosage_change3 alum_dosage_change6 alum_dosage_rollmean3 alum_dosage_rollstd3 alum_dosage_rollmean6 alum_dosage_rollstd6 alum_dosage_rollmean12 alum_dosage_rollstd12 alum_dosage_rollmean24 alum_dosage_rollstd24 missing_raw_water_flow raw_water_flow raw_water_flow_lag1 raw_water_flow_lag2 raw_water_flow_lag3 raw_water_flow_lag6 raw_water_flow_lag12 raw_water_flow_lag24 raw_water_flow_change1 raw_water_flow_change3 raw_water_flow_change6 raw_water_flow_rollmean3 raw_water_flow_rollstd3 raw_water_flow_rollmean6 raw_water_flow_rollstd6 raw_water_flow_rollmean12 raw_water_flow_rollstd12 raw_water_flow_rollmean24 raw_water_flow_rollstd24 missing_treated_water_flow treated_water_flow treated_water_flow_lag1 treated_water_flow_lag2 treated_water_flow_lag3 treated_water_flow_lag6 treated_water_flow_lag12 treated_water_flow_lag24 treated_water_flow_change1 treated_water_flow_change3 treated_water_flow_change6 treated_water_flow_rollmean3 treated_water_flow_rollstd3 treated_water_flow_rollmean6 treated_water_flow_rollstd6 treated_water_flow_rollmean12 treated_water_flow_rollstd12 treated_water_flow_rollmean24 treated_water_flow_rollstd24 is_backwash_event target_missing_run
feature_infos=[1:23] [0:6] [1:12] [0:1] [-0.96592582628906831:0.96592582628906831] [-0.9659258262890682:0.96592582628906831] [-0.9993007047883985:0.99930070478839861] [-0.9993007047883985:0.99930070478839861] none [1:456] [1:456] [1:456] [1:456] [1:456] [1:456] [1:456] [-203:174] [-209:282] [-246:308] [2.3333333333333335:409] [0:133.50031210949783] [3.3333333333333335:355.66666666666669] [0:125.74484747561893] [4.166666666666667:291.91666666666669] [0:118.49344694833121] [5.083333333333333:248.16666666666666] [0.44232586848012184:123.11599779493913] [0:1] [7:7.2999999999999998] [7:7.2999999999999998] [7:7.2999999999999998] [7:7.2999999999999998] [7:7.2999999999999998] [7:7.2999999999999998] [7:7.2999999999999998] [-0.29999999999999982:0.29999999999999982] [-0.29999999999999982:0.29999999999999982] [-0.29999999999999982:0.29999999999999982] [7:7.1000000000000005] [0:0.17320508075688776] [7:7.0999999999999996] [0:0.12247448713915887] [7:7.0999999999999996] [0:0.086602540378443976] [7:7.0999999999999996] [0:0.071728150235677621] none [0.02:9.8000000000000007] [0.02:9.8000000000000007] [0.02:9.8000000000000007] [0.02:9.8000000000000007] [0.02:9.8000000000000007] [0.02:9.8000000000000007] [0.02:9.8000000000000007] [-3.8900000000000001:7.6000000000000005] [-6.4199999999999999:8] [-6.8000000000000007:8.9199999999999999] [0.02:9.1000000000000014] [0:4.4467216388406126] [0.021666666666666667:8.2333333333333325] [0:3.910882253405235] [0.025833333333333333:5.4916666666666671] [0:3.8004197335972183] [0.028750000000000001:5.0337500000000004] [0:3.4456702509469577] none [2.3300000000000001:3.98] [2.3300000000000001:3.98] [2.2400000000000002:3.98] [1.8600000000000001:3.98] [1.8600000000000001:3.98] [1.8600000000000001:3.98] [1.8600000000000001:3.98] [-1.0199999999999996:1.27] [-1.0899999999999999:1.0499999999999998] [-1.46:1.3999999999999999] [2.523333333333333:3.9399999999999999] [0:0.93744333162062421] [2.3483333333333332:3.8800000000000003] [0:0.69852463569060419] [2.5741666666666667:3.8508333333333336] [0:0.69783376938707498] [2.9075000000000002:3.8350000000000004] [0.0041702882829140432:0.66063155992655276] none [0.080000000000000002:11.9] [0.080000000000000002:11.9] [0.080000000000000002:11.9] [0.080000000000000002:11.9] [0.080000000000000002:11.9] [0.080000000000000002:11.9] [-7.2900000000000009:10.960000000000001] [-9.2300000000000004:10.98] [-11.6:10.98] [0.093333333333333338:7.0399999999999991] [0:6.3335403474939138] [0.096666666666666679:6.4833333333333343] [0:4.5920757833467842] [0.10166666666666667:5] [0:3.4828996757752235] [0.10958333333333332:5] [0:2.6666967842502163] [0:1] [0.01:100] [0.01:100] [0.01:100] [0.01:100] [0.01:100] [0.01:100] [0.01:100] [-99.989999999999995:99.989999999999995] [-99.989999999999995:99.989999999999995] [-99.989999999999995:99.989999999999995] [0.01:100] [0:57.729253416270687] [0.01:86.016666666666666] [0:54.766778524941557] [0.01:50.005000000000003] [0:52.218074457030689] [0.01:25.007500000000004] [0:44.228163587784493] [0:1] [0.040000000000000001:0.080000000000000002] [0.040000000000000001:0.080000000000000002] [0.040000000000000001:0.080000000000000002] [0.040000000000000001:0.080000000000000002] [0.040000000000000001:0.080000000000000002] [0.040000000000000001:0.080000000000000002] [0.040000000000000001:0.080000000000000002] [-0.029999999999999999:0.029999999999999999] [-0.029999999999999999:0.029999999999999999] [-0.029999999999999999:0.029999999999999999] [0.046666666666666669:0.073333333333333334] [0:0.017320508075688766] [0.048333333333333339:0.066666666666666666] [0:0.016431676725154984] [0.049166666666666671:0.063333333333333339] [0:0.013568010505999362] [0.045000000000000005:0.061666666666666668] [0:0.010206207261596573] none [4.7000000000000002:63.399999999999999] [4.7000000000000002:63.399999999999999] [4.7000000000000002:63.399999999999999] [4.7000000000000002:63.399999999999999] [4.7000000000000002:63.399999999999999] [4.7000000000000002:63.399999999999999] [4.7000000000000002:63.399999999999999] [-42.399999999999999:41.399999999999999] [-42.5:40.699999999999996] [-42.799999999999997:42.199999999999996] [18.5:57.199999999999996] [0:24.479651413640187] [25.933333333333334:56.25] [0:21.844633208181914] [27.416666666666668:55.833333333333336] [0.08660254037482007:16.564609499737376] [36.524999999999999:55.679166666666667] [0.1102533314841494:13.40603819720533] none [17.5:55.600000000000001] [17.5:55.600000000000001] [17.5:55.600000000000001] [17.5:55.600000000000001] [17.5:55.600000000000001] [17.5:55.600000000000001] [17.5:55.600000000000001] [-17.099999999999998:17.400000000000002] [-17.799999999999997:17.199999999999999] [-24.399999999999999:30.899999999999999] [21.5:54.466666666666669] [0:9.9886602371555817] [24.516666666666666:53.533333333333331] [0:9.9451830886447574] [25.291666666666668:52.708333333333336] [0.028867513471830149:11.950310633720616] [33.658333333333331:52.429166666666667] [0.063702205724026989:11.908180570211028] [0:1] none
tree_sizes=1394 1465 1459 1462 1450 1477 1472 1471 1460 1478 1469 1459 1472 1480 1472 1478 1480 1485 1480 1481 1470 1497 1479 1478 1502 1475 1475 1483 1486 1505 1478 1486 1481 1476 1487 1510 1474 1486 1503 1497 1482 1477 1499 1480

Tree=0
num_leaves=15
num_cat=0
split_feature=94 47 94 172 100 175 21 100 23 90 21 55 64 26
split_gain=163.115 67.0571 16.7751 11.3166 10.2922 7.48421 5.44825 4.3066 3.87987 3.68545 4.04724 3.26629 3.01685 2.39899
threshold=0.39833333333333348 0.93500000000000016 0.23666666666666678 47.408333333333339 0.6395833333333335 1.0168838373044415 112.25000000000001 0.37479166666666669 32.375000000000007 0.56500000000000006 23.250000000000004 0.10500000000000004 0.46436003598020231 5.4689505556491058
decision_type=10 2 10 2 2 2 2 2 2 10 2 2 2 2
left_child=2 4 -1 -3 11 8 9 -8 13 -4 -11 -2 -10 -6
right_child=1 3 6 -5 5 -7 7 -9 12 10 -12 -13 -14 -15
leaf_value=0.52132844641000009 0.53770687742756684 0.55728460272088909 0.52738046345688883 0.58020235620571858 0.54431873296723088 0.56197801300407313 0.54992655945019953 0.52940015802470841 0.55884383345546307 0.52893477745776873 0.54910401177421031 0.54966379731173431 0.54274055333341631 0.53250218903509694
leaf_weight=1430 897 91 852 132 123 78 56 47 66 59 43 61 52 66
leaf_count=1381 850 64 816 62 119 50 39 47 46 58 32 49 48 64
internal_value=0.532818 0.545459 0.524859 0.57085 0.541243 0.548148 0.529635 0.54056 0.544634 0.528456 0.537437 0.538468 0.551747 0.540192
internal_weight=4053 1566 2487 223 1343 385 1057 103 307 954 102 958 118 189
internal_count=3725 1352 2373 126 1226 327 992 86 277 906 90 899 94 183
is_linear=0
shrinkage=1


Tree=1
num_leaves=15
num_cat=0
split_feature=85 85 94 19 85 88 176 153 58 54 85 24 87 86
split_gain=160.687 43.9273 39.167 8.58718 6.93151 6.64501 5.97677 5.49571 4.16699 3.16274 2.32691 2.26832 2.24577 1.81914
threshold=0.57500000000000007 0.31500000000000006 1.4916666666666669 31.833333333333339 0.21500000000000002 0.50500000000000012 43.045833333333341 53.291666666666671 0.16678310542105604 0.090000000000000011 0.42500000000000004 34.235255235616357 0.77500000000000013 0.89500000000000013
decision_type=10 10 10 2 10 10 2 2 2 2 10 2 10 10
left_child=1 4 3 12 -1 -5 -6 -4 13 10 11 -3 -2 -7
right_child=2 9 7 5 6 8 -8 -9 -10 -11 -12 -13 -14 -15
leaf_value=-0.016956527768043555 0.0046961431426953987 -0.0067065035759225405 0.027575044010147872 0.00015983515482206466 0.0021422406876242008 0.010121211910522298 -0.012416843982339151 0.044899745881557464 0.029029980322844547 0.0096615679299586685 -0.001032525914143154 0.0039501951554224693 -0.0078568829277462175 0.021419846044297808
leaf_weight=1214 272 461 107 59 77 95 834 80 71 51 634 56 41 57
leaf_count=1178 262 448 69 51 64 77 798 35 38 41 602 43 40 33
internal_value=-0.00536811 -0.0101618 0.0150265 0.00875332 -0.0144828 0.0150816 -0.0111863 0.0349867 0.0190295 -0.00252277 -0.00306265 -0.0055522 0.00305182 0.0143582
internal_weight=4109 3327 782 595 2125 282 911 187 223 1202 1151 517 313 152
internal_count=3779 3174 605 501 2040 199 862 104 148 1134 1093 491 302 110
is_linear=0
shrinkage=0.05


Tree=2
num_leaves=15
num_cat=0
split_feature=85 94 85 94 10 64 88 12 58 82 175 55 90 52
split_gain=136.912 38.7702 36.5618 7.37624 6.80766 5.401 5.01201 4.99915 3.74255 3.59772 3.3205 3.11781 2.13472 1.97644
threshold=0.57500000000000007 1.4916666666666669 0.24500000000000002 0.38833333333333347 31.500000000000004 0.28801634902282153 0.52500000000000013 116.50000000000001 0.11888295270696705 3.6606250000000005 1.9335734328874272 0.045000000000000026 0.28500000000000009 0.25500000000000006
decision_type=10 10 10 10 2 2 10 2 2 2 2 2 10 2
left_child=2 4 5 7 13 -1 -6 10 -8 -3 -4 12 -5 -2
right_child=1 9 3 11 6 -7 8 -9 -10 -11 -12 -13 -14 -15
leaf_value=-0.015520095570453403 0.0048449223157991652 0.041026859372706698 -0.0096510495664969224 0.00817672403468548 0.00084996851479732672 0.0026508332673637644 0.012910958778251101 0.0037470519634743419 0.027514055365553271 0.026339016966259395 0.0049468491317295445 0.0077245974937325407 -0.0029340908050661633 -0.005373559502788402
leaf_weight=1553 257 101 781 46 57 42 135 86 65 71 41 87 718 58
leaf_count=1504 247 52 743 39 48 36 99 72 35 44 35 73 693 55
internal_value=-0.00525505 0.0141493 -0.00955942 -0.00458835 0.00789042 -0.0150416 0.0139293 -0.00772291 0.017657 0.0349639 -0.00892293 -0.00124384 -0.00226512 0.00296342
internal_weight=4098 744 3354 1759 572 1595 257 908 200 172 822 851 764 315
internal_count=3775 580 3195 1655 484 1540 182 850 134 96 778 805 732 302
is_linear=0
shrinkage=0.05


Tree=3
num_leaves=15
num_cat=0
split_feature=85 94 85 10 59 15 88 58 85 91 146 101 100 18
split_gain=141.187 40.28 37.3263 7.71737 5.51632 5.44592 5.13282 3.8466 3.76324 2.87105 3.51832 2.48434 2.23858 1.86852
threshold=0.56500000000000006 1.236666666666667 0.31500000000000006 31.500000000000004 0.31083333333333346 42.500000000000007 0.52500000000000013 0.12342339054382873 0.20500000000000004 0.030000000000000009 54.150000000000013 0.13489595574326393 0.68812500000000021 63.500000000000007
decision_type=10 10 10 2 2 2 10 2 8 10 10 2 2 2
left_child=2 3 4 -2 8 -3 -5 12 -1 10 13 -11 -8 -4
right_child=1 5 9 6 -6 -7 7 -9 -10 11 -12 -13 -14 -15
leaf_value=-0.015596645605326132 0.0028671408196028463 0.040802908023880397 -0.0040111945707347243 0.0014366262312978505 0.0014098884035197517 0.023144633727668621 0.005745856096195481 0.028842104677805458 -0.011296301070778144 -0.00038237343209662609 0.011544177668401972 0.013877064776412831 0.018445864472379711 0.0065171778588344097
leaf_weight=1102 326 122 998 60 63 68 55 59 945 84 40 48 94 44
leaf_count=1068 315 61 968 51 54 44 50 31 902 75 33 36 58 27
internal_value=-0.00464218 0.0144443 -0.00914391 0.00803452 -0.0131629 0.0344831 0.0143202 0.0180366 -0.0136114 -0.00215871 -0.00300799 0.00480288 0.0137579 -0.00356662
internal_weight=4108 784 3324 594 2110 190 268 208 2047 1214 1082 132 149 1042
internal_count=3773 610 3163 505 2024 105 190 139 1970 1139 1028 111 108 995
is_linear=0
shrinkage=0.05


Tree=4
num_leaves=15
num_cat=0
split_feature=85 96 101 85 146 90 24 55 85 153 161 64 85 91
split_gain=139.259 56.1561 17.1176 8.58255 5.30372 4.99614 4.68588 4.1585 3.72749 3.67957 2.49747 1.69518 1.57875 1.38044
threshold=0.89500000000000013 0.31000000000000022 0.74595802843433834 0.50500000000000012 43.45000000000001 0.23500000000000001 13.181713487737353 0.1949999999999999 0.19500000000000003 53.008333333333333 48.650000000000013 0.28801634902282153 0.38500000000000006 -0.12
decision_type=10 2 2 10 10 8 2 2 8 2 2 2 10 8
left_child=1 4 6 5 -1 -3 -2 10 -6 -4 13 -10 -7 -5
right_child=2 3 9 7 8 12 -8 -9 11 -11 -12 -13 -14 -15
leaf_value=0.0053553122754504048 0.0051854123853304441 0.0098090029857121411 0.029926596204054426 -0.0065102702623451164 -0.015113817228771309 -0.0065810118300991295 0.022495736816534023 0.014508739564129536 -0.011277835393467776 0.044269650397093407 0.012858868793330409 -0.0026924926360122493 -0.0023882301886320925 0.0024493655636188272
leaf_weight=41 71 70 87 47 935 370 87 85 1001 92 55 61 571 504
leaf_count=35 56 55 54 44 899 352 49 61 964 41 39 54 551 478
internal_value=-0.00407322 -0.00684713 0.0267113 -0.0001428 -0.0124461 -0.00307816 0.014717 0.00415192 -0.0128116 0.0372984 0.00269923 -0.0107847 -0.00403683 0.00168511
internal_weight=4077 3740 337 1702 2038 1011 158 691 1997 179 606 1062 941 551
internal_count=3732 3532 200 1580 1952 958 105 622 1917 95 561 1018 903 522
is_linear=0
shrinkage=0.05


Tree=5
num_leaves=15
num_cat=0
split_feature=85 94 101 94 85 54 101 136 13 139 100 24 97 85
split_gain=137.405 49.2377 17.5002 6.83745 5.86744 5.1491 4.96556 8.21133 3.96692 3.0341 1.94981 1.71467 1.69884 1.54023
threshold=0.89500000000000013 0.31666666666666682 0.74595802843433834 0.49666666666666676 0.20500000000000004 0.080000000000000057 0.13489595574326393 0.059583333333333342 68.500000000000014 0.0041938499797539866 0.64708333333333357 34.235255235616357 0.13618606793442964 0.39500000000000007
decision_type=10 10 2 10 10 2 2 10 2 8 2 2 10 10
left_child=1 4 8 11 -1 10 -6 -8 -2 -4 12 13 -5 -3
right_child=2 3 9 5 6 -7 7 -9 -10 -11 -12 -13 -14 -15
leaf_value=-0.014212246747194957 0.0075926138134161519 -0.0062632029350775846 0.042638751400529216 0.0018193113034615271 -0.010524439326579968 0.016576274989775437 -0.010192895466018292 0.011821626940033806 0.023991933282494785 0.029597718688937558 0.0063892577902818623 0.004551167557297774 -0.0059534739238632367 -0.0018932423478760481
leaf_weight=1093 91 337 106 385 866 68 105 71 62 77 191 69 86 502
leaf_count=1060 63 324 53 363 826 45 99 55 37 44 174 54 81 478
internal_value=-0.0039214 -0.00664993 0.0267177 -0.00012888 -0.011653 0.00347393 -0.00896841 -0.00131204 0.0142381 0.0371515 0.00212807 -0.00302541 0.000400077 -0.00364852
internal_weight=4109 3773 336 1638 2135 730 1042 176 153 183 662 908 471 839
internal_count=3756 3559 197 1519 2040 663 980 154 100 97 618 856 444 802
is_linear=0
shrinkage=0.05


Tree=6
num_leaves=15
num_cat=0
split_feature=85 85 101 47 47 64 85 146 155 98 90 63 119 56
split_gain=125.549 44.7566 21.4718 6.77726 6.1457 6.05797 3.95563 3.88975 2.88298 2.40321 2.28314 1.4289 1.91929 1.68256
threshold=0.89500000000000013 0.31500000000000006 1.3803035793220904 0.77500000000000013 1.5100000000000002 0.28801634902282153 0.46500000000000002 43.45000000000001 52.970833333333339 0.19208333333333338 0.24500000000000002 0.26104166666666678 0.01020833333333304 0.084999999999999951
decision_type=10 10 2 2 2 2 10 10 2 2 8 2 8 2
left_child=1 5 4 6 8 7 10 -1 -2 -9 -3 12 -8 -14
right_child=2 3 -4 -5 -6 -7 11 9 -10 -11 -12 -13 13 -15
leaf_value=0.0041686318030482849 -0.00079528100988162417 0.0054344359057722615 0.039070654724986338 0.012984287981144203 0.026405518022435372 0.0017240311675281686 0.011040368013210216 -0.014002995475491076 0.014241410332505365 -0.010482579352095178 -0.0044514021391472867 -0.0030291860948288051 0.00092251126626842483 0.011523806833429262
leaf_weight=38 56 64 153 93 67 88 59 844 74 1139 668 146 582 40
leaf_count=33 48 52 77 61 39 77 52 809 46 1093 642 137 563 32
internal_value=-0.00362515 -0.00629069 0.025018 -0.000127857 0.0141041 -0.0111181 -0.000910044 -0.0116773 0.00776407 -0.0119809 -0.00358707 0.00145946 0.00242178 0.00160427
internal_weight=4111 3761 350 1652 197 2109 1559 2021 130 1983 732 827 681 622
internal_count=3761 3551 210 1539 133 2012 1478 1935 94 1902 694 784 647 595
is_linear=0
shrinkage=0.05


Tree=7
num_leaves=15
num_cat=0
split_feature=85 96 47 55 85 90 177 55 90 115 85 96 21 50
split_gain=107.45 43.8207 17.105 5.95931 4.67743 5.25059 8.12964 4.51719 4.3695 3.86901 3.55364 1.97924 1.42532 1.33296
threshold=0.89500000000000013 0.33583333333333348 1.9750000000000003 0.1949999999999999 0.20500000000000004 0.55500000000000016 0.50345722709227758 -0.024999999999999991 0.22500000000000003 0.13041666666666787 0.46500000000000002 0.58250000000000035 108.91666666666667 0.32500000000000007
decision_type=10 2 2 2 10 8 2 2 10 8 10 2 2 2
left_child=1 4 7 8 -1 12 -7 -2 -3 -9 13 -12 -6 -10
right_child=2 3 -4 -5 5 6 -8 9 10 -11 11 -13 -14 -15
leaf_value=-0.012857598694524533 0.0050890618598916464 0.01250775425827929 0.038953082032595621 0.012417884258020517 -0.0097098196625336215 -0.010304248283775349 0.018771253949539227 0.012422631406742666 -0.004579837575142103 0.029053445453481642 -0.00095209467355838692 0.0040269075411825646 -0.00018572575162823608 0.0039469822319224473
leaf_weight=1091 72 63 119 97 938 53 44 72 550 68 461 352 41 50
leaf_count=1055 55 50 59 72 907 50 32 42 533 40 442 330 34 44
internal_value=-0.00352293 -0.0059395 0.0237822 0.000412916 -0.0105506 -0.00821154 0.00288464 0.0152664 -0.000376028 0.0205005 -0.000950464 0.00120364 -0.00931096 -0.00386927
internal_weight=4071 3740 331 1573 2167 1076 97 212 1476 140 1413 813 979 600
internal_count=3745 3549 196 1471 2078 1023 82 137 1399 82 1349 772 941 577
is_linear=0
shrinkage=0.05


Tree=8
num_leaves=15
num_cat=0
split_feature=85 85 85 85 64 9 47 59 85 91 63 0 157 9
split_gain=106.414 37.8572 17.9076 5.59121 5.00136 4.45794 3.20737 2.75044 2.44433 1.95318 1.89021 1.51746 1.45045 1.659
threshold=0.89500000000000013 0.31500000000000006 1.8200000000000003 0.52500000000000013 0.28801634902282153 34.500000000000007 0.77500000000000013 2.7583333333333342 0.23500000000000001 0.020000000000000014 0.26104166666666678 8.0000000000000018 52.910416666666677 24.500000000000004
decision_type=10 10 10 10 2 2 2 2 10 10 2 2 2 2
left_child=1 4 5 9 8 -2 10 -4 -1 12 -5 -11 -3 -14
right_child=2 3 7 6 -6 -7 -8 -9 -10 11 -12 -13 13 -15
leaf_value=-0.011811834224178855 0.0025704531192492983 -0.004096831876179592 0.029338901061309527 0.003640102775090331 0.001979800553440496 0.019058729026902907 0.013328909097440743 0.0427606949955225 -0.0080448462881088333 0.0088761342706857246 -0.0038654675969438065 -0.00096254514445822726 -0.0028774636921532933 0.010183262684731745
leaf_weight=1442 65 778 73 452 81 111 74 80 614 60 103 113 62 40
leaf_count=1390 50 754 46 425 71 64 48 37 585 45 97 103 60 31
internal_value=-0.00343966 -0.00579024 0.0238456 -0.000179004 -0.0102068 0.0129693 0.00355091 0.0363568 -0.0106869 -0.00240703 0.00224718 0.00244971 -0.00336183 0.00224439
internal_weight=4148 3819 329 1682 2137 176 629 153 2056 1053 555 173 880 102
internal_count=3806 3609 197 1563 2046 114 570 83 1975 993 522 148 845 91
is_linear=0
shrinkage=0.05


Tree=9
num_leaves=15
num_cat=0
split_feature=85 96 101 55 12 85 177 54 87 7 6 92 96 9
split_gain=97.1095 34.8774 19.8665 5.21239 3.8729 3.28719 2.376 2.27841 2.02044 3.08166 1.57146 1.49429 1.63372 0.769854
threshold=0.89500000000000013 0.33583333333333348 1.3803035793220904 0.1949999999999999 35.500000000000007 0.21500000000000002 1.5531114922312994 0.070000000000000048 0.46500000000000002 -0.95490457829871789 -0.97424614976117818 -0.19499999999999998 0.56416666666666693 117.50000000000001
decision_type=10 2 2 2 2 10 2 2 10 2 2 10 2 2
left_child=1 5 4 6 -2 -1 8 13 10 -10 -3 -11 -13 -7
right_child=2 3 -4 -5 -6 7 -8 -9 9 11 -12 12 -14 -15
leaf_value=-0.011433977252204753 0.0017887757441273828 0.0051731249253498396 0.037759488845502377 0.011326716841811468 0.017568138018408317 -0.0084583356438459635 0.0077390211622840105 0.0020209262210686327 0.010998728778392364 -0.0066357330162732297 -0.0040959658898125813 -0.0015797107115257841 0.0035497472953533297 -0.001886999331652484
leaf_weight=1177 58 50 137 98 118 862 81 59 65 84 535 392 257 47
leaf_count=1141 45 43 70 70 72 832 67 50 54 78 518 377 244 39
internal_value=-0.00326213 -0.00552025 0.0234819 0.000163091 0.0123681 -0.0096589 -0.000584201 -0.00750056 -0.00107168 0.000564604 -0.00330374 -0.000360659 0.000451523 -0.00811856
internal_weight=4020 3707 313 1562 176 2145 1464 968 1383 798 585 733 649 909
internal_count=3700 3513 187 1451 117 2062 1381 921 1314 753 561 699 621 871
is_linear=0
shrinkage=0.05


Tree=10
num_leaves=15
num_cat=0
split_feature=85 85 47 101 86 56 177 64 88 155 23 96 160 7
split_gain=81.3501 30.1828 16.5752 6.19888 5.07675 5.87286 3.99636 3.94927 2.43639 2.43154 2.36695 1.57249 1.36839 1.07789
threshold=0.89500000000000013 0.31500000000000006 1.9750000000000003 0.74595802843433834 0.43500000000000005 0.10500000000000004 3.8169944485710769 0.28801634902282153 0.47500000000000003 52.970833333333339 82.500000000000014 0.18500000000000019 49.250000000000007 -0.95490457829871789
decision_type=10 10 2 2 10 2 2 2 10 2 2 2 2 2
left_child=1 6 3 9 10 12 7 11 -7 -2 -3 -1 13 -6
right_child=2 4 -4 -5 5 8 -8 -9 -10 -11 -12 -13 -14 -15
leaf_value=-0.01151382797369175 -0.0011266295586635049 -0.0048517040449362111 0.036459317276302465 0.024890291129636088 0.0057374315962078985 0.005146993074128265 0.0058562946220097898 0.0009870089012441565 0.01863106186640685 0.012590327477082611 0.0040898087737691958 -0.0086365968130021394 0.0088016740977764126 -0.00035747289734560815
leaf_weight=817 60 531 116 68 80 67 44 88 67 70 86 1134 49 778
leaf_count=790 48 514 60 42 71 54 38 78 41 43 75 1091 38 750
internal_value=-0.0029938 -0.00504555 0.0214508 0.0126579 -1.16037e-05 0.00211844 -0.00905241 -0.00937413 0.011889 0.00625942 -0.0036054 -0.00984147 0.000674931 0.000210817
internal_weight=4055 3741 314 198 1658 1041 2083 2039 134 130 617 1951 907 858
internal_count=3733 3540 193 133 1543 954 1997 1959 95 91 589 1881 859 821
is_linear=0
shrinkage=0.05


Tree=11
num_leaves=15
num_cat=0
split_feature=94 94 26 153 100 100 155 57 24 155 157 58 58 100
split_gain=96.3846 35.7166 9.4535 6.77441 6.56843 6.42932 5.00729 4.1907 4.15847 3.12162 2.62823 2.42318 2.26447 1.78024
threshold=1.4916666666666669 0.38833333333333347 69.786348799665802 53.291666666666671 0.63645833333333346 0.25303728070175446 45.637500000000003 0.73166666666666758 27.845879604123038 48.645833333333343 53.600000000000001 0.23459184413211059 0.1096965511459685 0.68979166666666669
decision_type=10 10 2 2 2 2 2 2 2 2 2 2 2 2
left_child=1 5 4 -2 11 -1 -7 10 -8 -10 13 12 -3 -6
right_child=3 2 -4 -5 7 6 8 -9 9 -11 -12 -13 -14 -15
leaf_value=-0.00976962342641686 0.023912280197255317 -0.0010076151961498283 0.023241823816708491 0.042696145474910741 0.005390100475346697 0.0067759359862362397 -0.006986199569220016 0.016651799366949688 -0.0038098161057992415 0.014292741877337298 0.012036718755866154 -0.01186782511455628 0.00888411651230267 -0.0030737313672702399
leaf_weight=1552 120 866 51 80 138 89 735 83 55 42 79 48 62 113
leaf_count=1497 74 831 30 35 134 75 707 50 52 28 52 46 52 109
internal_value=-0.00243008 -0.00416052 0.00209958 0.0314258 0.0013233 -0.0078057 -0.00449625 0.00660896 -0.00570204 0.0040284 0.00408304 -0.000913356 -0.000346745 0.00157969
internal_weight=4113 3913 1440 200 1389 2473 921 413 832 97 330 976 928 251
internal_count=3772 3663 1304 109 1274 2359 862 345 787 80 295 929 883 243
is_linear=0
shrinkage=0.05


Tree=12
num_leaves=15
num_cat=0
split_feature=85 94 101 21 47 24 146 54 85 99 98 24 7 164
split_gain=91.7581 25.0163 21.0364 5.44596 4.60489 4.52384 3.59863 3.13886 2.22792 1.38984 1.96308 1.52752 1.46697 1.06928
threshold=0.91500000000000015 0.31500000000000017 0.74595802843433834 36.416666666666679 0.77500000000000013 13.412313422214 54.350000000000001 0.070000000000000048 0.19500000000000003 0.21912153379923105 0.49125000000000002 34.235255235616357 -0.97424614976117807 47.750000000000007
decision_type=10 10 2 2 2 2 10 2 10 2 2 2 2 2
left_child=1 7 5 -4 6 -2 9 8 -1 10 11 13 -12 -3
right_child=2 4 3 -5 -6 -7 -8 -9 -10 -11 12 -13 -14 -15
leaf_value=-0.010405175609884451 0.00012764599258926782 -0.00336556375211239 0.026002017754529205 0.04416222870349884 0.010733579285320288 0.017575040915296141 0.01119340300529955 0.00092163192470454515 -0.0070519407492373497 -0.0061691787953849046 0.010270803498828578 0.0051595178927527742 0.00086136584253968863 0.0049465570644271085
leaf_weight=933 66 687 77 89 95 85 62 90 1056 124 45 64 521 41
leaf_count=902 51 661 44 43 65 48 48 79 1010 121 36 50 504 36
internal_value=-0.0023684 -0.00457004 0.0234539 0.0357385 4.91375e-05 0.00994903 -0.00060826 -0.00821161 -0.00862488 -0.00110199 -0.000639298 -0.00224637 0.00160947 -0.00289744
internal_weight=4035 3718 317 166 1639 151 1544 2079 1989 1482 1358 792 566 728
internal_count=3698 3512 186 87 1521 99 1456 1991 1912 1408 1287 747 540 697
is_linear=0
shrinkage=0.05


Tree=13
num_leaves=15
num_cat=0
split_feature=94 96 172 47 146 54 99 62 98 98 88 175 157 18
split_gain=80.7984 28.6325 7.41351 6.12585 3.98768 3.20462 3.07051 3.09005 2.44054 2.00091 2.00034 1.91417 1.52368 1.69994
threshold=1.4916666666666669 0.33583333333333348 47.541666666666679 0.80500000000000016 54.150000000000013 0.11000000000000001 0.23040146022367866 0.28636683962111381 0.49541666666666678 0.18958333333333335 0.67500000000000016 0.41587804156357938 52.556250000000006 -1.4999999999999998
decision_type=10 2 2 2 10 2 2 2 2 2 10 2 2 2
left_child=1 5 -2 4 6 9 7 8 -3 -1 -5 -6 -10 -14
right_child=2 3 -4 10 11 -7 -8 -9 12 -11 -12 -13 13 -15
leaf_value=-0.0099958657503647873 0.018542228941192947 -0.0023790728328843699 0.039128756884810996 0.0053070190471286582 0.0017770424709251187 0.0048813769156683465 -0.0068791482104279579 0.011161673974367929 0.00084035829672062217 -0.0068474812147112304 0.018218073032718773 0.014536249162064811 0.0014520019172104422 0.014314059790565957
leaf_weight=817 76 680 103 60 53 49 175 61 458 1320 60 66 54 49
leaf_count=789 51 650 50 44 46 39 169 48 448 1261 37 42 47 35
internal_value=-0.0024596 -0.00396645 0.0303881 0.000867718 4.85579e-05 -0.00776126 -0.000660851 0.000174941 -0.000365099 -0.00805115 0.0117625 0.00885358 0.00207608 0.00757084
internal_weight=4081 3902 179 1716 1596 2186 1477 1302 1241 2137 120 119 561 103
internal_count=3756 3655 101 1566 1485 2089 1397 1228 1180 2050 81 88 530 82
is_linear=0
shrinkage=0.05


Tree=14
num_leaves=15
num_cat=0
split_feature=86 96 101 47 26 166 101 146 83 0 83 97 88 9
split_gain=78.9489 18.1439 17.6144 5.42105 3.54432 4.48097 3.43509 7.15369 2.72169 3.08714 2.2898 2.06013 1.69364 2.61033
threshold=0.89500000000000013 0.33833333333333354 1.3803035793220904 0.91500000000000015 51.25952528875672 44.750000000000007 0.25794313736865787 46.45000000000001 0.2740376492887075 12.000000000000002 0.10238770794279457 0.13618606793442964 0.22500000000000003 127.50000000000001
decision_type=10 2 2 2 2 2 2 10 2 2 2 10 10 2
left_child=1 6 3 10 8 -6 12 -8 11 -10 -2 -3 -1 -14
right_child=2 4 -4 -5 5 -7 7 -9 9 -11 -12 -13 13 -15
leaf_value=-0.008828850523468084 0.010427775284325756 -0.00071137898412482962 0.034140272882991825 0.022669591589902456 -2.3085192061852719e-06 0.019770780198123991 0.013456107076878349 -0.0091487199201115543 0.012647656858898699 -0.0032971044984080045 -0.0034231533687561753 -0.0065817559646500412 -0.00659121164020728 0.0059384516017003501
leaf_weight=1296 74 1098 145 65 69 49 60 84 75 51 50 173 752 44
leaf_count=1248 43 1056 76 37 62 35 49 82 55 50 44 165 722 35
internal_value=-0.00226315 -0.00433733 0.021031 0.0109737 -0.000112678 0.00820855 -0.00719974 0.000269958 -0.000815545 0.00619382 0.00484272 -0.00151042 -0.00771391 -0.00589862
internal_weight=4085 3751 334 189 1515 118 2236 144 1397 126 124 1271 2092 796
internal_count=3759 3559 200 124 1423 97 2136 131 1326 105 87 1221 2005 757
is_linear=0
shrinkage=0.05


Tree=15
num_leaves=15
num_cat=0
split_feature=96 96 153 26 100 141 146 83 92 51 99 88 23 90
split_gain=71.0462 24.5119 8.54481 7.34285 4.12511 3.65319 3.64401 3.05247 2.14724 2.38313 2.00061 1.49292 1.42299 1.90821
threshold=1.3800000000000001 0.39000000000000018 53.258333333333333 69.786348799665802 0.26645833333333341 53.410000000000004 54.350000000000001 0.29765857518641087 -0.049999999999999954 0.80500000000000016 0.13144880326117733 0.49500000000000005 82.500000000000014 0.38500000000000006
decision_type=2 2 2 2 2 10 10 2 10 2 2 10 2 10
left_child=1 4 -2 6 -1 12 7 8 -3 11 -9 -10 -6 -14
right_child=2 3 -4 -5 5 -7 -8 10 9 -11 -12 -13 13 -15
leaf_value=-0.0077626025916581343 0.019343272526532895 -0.0044058730997494425 0.041142936244413453 0.021488067246568595 -0.0050756333019519448 0.0098530431525135527 0.010984146906837321 0.0020840637131456148 -0.0017652914234328858 0.01139334265197463 0.015963967198505999 0.0022365469102396673 0.0078870820991981498 -0.0066388978436589243
leaf_weight=1663 108 240 77 46 645 49 89 54 453 51 50 480 52 40
leaf_count=1598 68 230 34 27 617 37 61 50 434 35 33 453 41 39
internal_value=-0.00186093 -0.00329277 0.0284166 0.00182795 -0.00635183 -0.00336694 0.00118973 0.000533324 -0.000165428 0.000868827 0.00875709 0.000293532 -0.00424588 0.00157144
internal_weight=4097 3912 185 1463 2449 786 1417 1328 1224 984 104 933 737 92
internal_count=3757 3655 102 1323 2332 734 1296 1235 1152 922 83 887 697 80
is_linear=0
shrinkage=0.05


Tree=16
num_leaves=15
num_cat=0
split_feature=94 94 26 82 100 100 173 24 156 164 53 97 90 92
split_gain=69.2316 20.4532 8.92441 8.47336 4.06886 3.77798 3.05989 2.96501 3.017 2.03968 2.18097 1.59158 2.13268 1.58857
threshold=1.4916666666666669 0.40166666666666678 69.786348799665802 3.6606250000000005 0.23437500000000003 0.6395833333333335 2.1249306708273843 28.266308082658963 0.65363201217881639 43.212500000000013 0.15500000000000003 0.21001913682092219 0.28500000000000009 0.01999999999999998
decision_type=10 10 2 2 2 2 2 2 2 2 2 10 10 10
left_child=1 4 5 -2 -1 11 7 13 -9 -7 -11 12 -3 -6
right_child=3 2 -4 -5 6 9 -8 8 -10 10 -12 -13 -14 -15
leaf_value=-0.0078360338970150534 0.03635303401950233 0.010378757644098693 0.023795392309230837 0.013912528860523847 -0.0063625459392910024 0.013931183512690232 0.0094357343800116483 0.010294181262284067 -0.0051307251403531918 0.0062487253756581315 -0.0032279220935985601 -0.0085126385068325632 -0.00079668977230260051 -0.0017203043341411459
leaf_weight=1366 116 45 44 66 753 57 42 66 61 219 84 62 832 244
leaf_count=1315 59 36 23 43 730 42 35 52 54 186 79 58 794 228
internal_value=-0.00192311 -0.00333864 0.00164915 0.0282153 -0.00598421 0.000899013 -0.00381476 -0.00430988 0.00288537 0.0052539 0.00362154 -0.000770591 -0.000223263 -0.00522643
internal_weight=4057 3875 1343 182 2532 1299 1166 1124 127 360 303 939 877 997
internal_count=3734 3632 1218 102 2414 1195 1099 1064 106 307 265 888 830 958
is_linear=0
shrinkage=0.05


Tree=17
num_leaves=15
num_cat=0
split_feature=47 94 172 101 86 146 166 47 155 90 23 89 89 91
split_gain=72.9651 20.0319 15.0522 5.80029 3.52404 2.95652 2.71571 2.64976 2.45793 6.18264 3.13551 3.75214 2.41072 2.14401
threshold=1.2100000000000002 0.38833333333333347 47.341666666666676 2.0605068102657733 0.20500000000000004 53.650000000000013 47.750000000000007 0.39500000000000007 45.587500000000013 0.48500000000000004 82.500000000000014 0.27500000000000008 0.9850000000000001 -0.069999999999999979
decision_type=2 10 2 2 10 10 2 2 2 10 2 10 10 10
left_child=1 4 -2 5 -1 7 -7 12 9 -6 -10 -12 13 -3
right_child=2 3 -4 -5 8 6 -8 -9 10 -11 11 -13 -14 -15
leaf_value=-0.0078705538519716362 0.0092159481945499368 -0.0089101934791816512 0.037636497822787725 0.01948702120359733 -0.0074460751193232439 0.00029354716467563637 0.01291369249588473 0.0054742017466397654 -0.0055552708886612637 0.017502976107326422 0.011831411388702692 -0.0048947524298503268 -0.012861972273094581 0.00028931433693778262
leaf_weight=1120 72 68 132 44 57 78 94 199 1120 44 60 76 40 923
leaf_count=1083 48 66 62 32 56 72 60 160 1078 31 46 73 38 884
internal_value=-0.00154871 -0.00306477 0.0276057 0.00161151 -0.00579464 0.00105051 0.0071906 0.000191895 -0.00408129 0.00342282 -0.00468473 0.00248444 -0.000827677 -0.000341933
internal_weight=4127 3923 204 1446 2477 1402 172 1230 1357 101 1256 136 1031 991
internal_count=3789 3679 110 1312 2367 1280 132 1148 1284 87 1197 119 988 950
is_linear=0
shrinkage=0.05


Tree=18
num_leaves=15
num_cat=0
split_feature=86 101 96 9 90 157 161 10 100 100 97 58 83 62
split_gain=67.4469 19.2362 13.1022 4.88546 2.88572 9.43657 2.57964 3.13387 1.13002 1.12931 1.43452 1.41277 1.38443 1.2549
threshold=0.89500000000000013 1.3803035793220904 0.36500000000000016 33.500000000000007 0.55500000000000016 47.377083333333339 47.850000000000001 41.500000000000007 0.18854166666666669 0.58062500000000006 0.25479373219119106 0.14451056502940579 0.2740376492887075 0.029490625115693284
decision_type=10 2 2 2 10 2 2 2 2 2 10 2 2 2
left_child=2 3 4 -2 8 -6 9 -8 -1 10 11 -4 13 -11
right_child=1 -3 6 -5 5 -7 7 -9 -10 12 -12 -13 -14 -15
leaf_value=-0.007919200640515791 -0.0016694868900000105 0.034177920961980343 -0.0016415822298264334 0.015338939663342899 0.017812990931407462 -0.0081948869587743986 0.0014911114629101727 0.016715064536505713 -0.005519937444742759 0.0027939774360514575 -0.010176643399197771 0.0068732584761724315 0.010077956198378965 -0.0032268046224250128
leaf_weight=758 63 139 771 128 53 102 109 49 1392 238 46 52 43 136
leaf_count=728 51 73 741 77 38 101 99 33 1335 233 45 41 32 126
internal_value=-0.00164371 0.0200271 -0.00355125 0.00972883 -0.0058908 0.000698129 0.000183287 0.00621246 -0.00636582 -0.000557467 -0.00158386 -0.00110359 0.00158147 0.000604602
internal_weight=4079 330 3749 191 2305 155 1444 158 2150 1286 869 823 417 374
internal_count=3753 201 3552 128 2202 139 1350 132 2063 1218 827 782 391 359
is_linear=0
shrinkage=0.05


Tree=19
num_leaves=15
num_cat=0
split_feature=94 96 64 56 88 100 101 136 85 64 7 97 119 85
split_gain=74.1274 16.5492 9.13701 7.23565 6.13721 3.90682 3.11854 6.53894 2.2079 1.70683 1.48531 1.31979 1.66061 1.21129
threshold=1.4916666666666669 0.31333333333333352 1.445837175035616 0.10500000000000004 0.48500000000000004 0.29395833333333338 0.25794313736865787 0.059583333333333342 0.57500000000000007 0.2462050683013994 -0.98813934156326522 0.22796198091435335 0.06187499999999941 0.31500000000000006
decision_type=10 2 2 2 10 2 2 10 10 2 2 10 8 10
left_child=1 6 -2 5 9 -3 -1 -8 10 -5 -7 12 -10 -12
right_child=2 3 -4 4 -6 8 7 -9 11 -11 13 -13 -14 -15
leaf_value=-0.0061447787914168904 0.016641103341192991 0.012573823697146096 0.037971080257557334 0.0063252988812516724 0.018450474477889441 0.005853579842067998 -0.0061183090054098216 0.017533987023952334 0.008261733661967573 -0.0059616562219647071 -0.0085333511658088387 -0.0057338279368274892 0.001094916015469661 -0.0018989705272631219
leaf_weight=1940 91 57 112 76 101 58 87 44 115 45 74 46 272 979
leaf_count=1864 57 41 54 64 61 52 85 33 84 39 70 40 262 942
internal_value=-0.00104682 -0.00258241 0.0284094 0.000891806 0.00935111 -0.000281189 -0.00564059 0.00182597 -0.000755759 0.00175577 -0.00193614 0.00227289 0.00322459 -0.0023652
internal_weight=4097 3894 203 1823 222 1601 2071 131 1544 121 1111 433 387 1053
internal_count=3748 3637 111 1655 164 1491 1982 118 1450 103 1064 386 346 1012
is_linear=0
shrinkage=0.05


Tree=20
num_leaves=15
num_cat=0
split_feature=47 172 85 85 85 146 11 52 176 9 151 22 21 10
split_gain=65.9761 17.2643 14.8915 4.28733 3.11015 3.20303 2.74502 3.31157 2.53952 2.69011 1.0869 0.993124 2.11018 1.16302
threshold=1.2100000000000002 47.408333333333339 0.42500000000000004 1.7150000000000001 0.20500000000000004 44.550000000000004 132.50000000000003 0.095000000000000015 47.710416666666681 30.500000000000004 53.483333333333341 5.4680892457977075 34.416666666666679 16.500000000000004
decision_type=2 2 10 10 10 10 2 2 2 2 2 2 2 2
left_child=2 -2 4 8 -1 -6 -7 -8 11 -10 -11 12 13 -4
right_child=1 -3 3 -5 5 6 7 -9 9 10 -12 -13 -14 -15
leaf_value=-0.0068653068579367987 0.0072365858755376825 0.036986288491853592 0.0027376557696659706 0.017364034611125328 0.0096237069724694549 -0.0043845603668609436 0.012178996791899727 -0.0053588540421104901 -0.0015570758000415352 0.014776309314642994 0.0057155180812603042 -0.0020011812024172699 0.010301576129568276 -0.0017298676532961979
leaf_weight=1096 77 133 285 43 46 1360 57 51 70 71 62 330 60 298
leaf_count=1061 53 62 278 30 38 1306 44 46 69 41 45 303 45 292
internal_value=-0.00120917 0.0260781 -0.00270572 0.00185691 -0.0048367 -0.00336817 -0.00377527 0.00389723 0.0012899 0.00637677 0.0105525 0.000228609 0.00137298 0.000454085
internal_weight=4039 210 3829 1219 2610 1514 1468 108 1176 203 133 973 643 583
internal_count=3713 115 3598 1103 2495 1434 1396 90 1073 155 86 918 615 570
is_linear=0
shrinkage=0.05


Tree=21
num_leaves=15
num_cat=0
split_feature=85 96 47 100 54 97 85 80 58 94 155 19 135 52
split_gain=63.8012 14.6732 8.29592 4.0085 2.18247 2.09633 2.73676 1.38608 1.28339 1.15228 0.877488 3.29967 0.83656 0.778186
threshold=2.0500000000000003 0.31333333333333352 0.87500000000000011 0.29395833333333338 0.070000000000000048 0.22796198091435335 0.57500000000000007 3.6070833333333341 0.12124355652982009 0.17666666666666678 45.287500000000001 33.166666666666679 0.0040824829046386272 0.055000000000000007
decision_type=10 2 2 2 2 10 10 2 2 8 2 2 10 2
left_child=1 4 3 -3 9 6 12 -7 13 -1 11 -11 -5 -8
right_child=-2 2 -4 5 -6 7 8 -9 -10 10 -12 -13 -14 -15
leaf_value=-0.0071145904677159576 0.032822338686282954 0.011608393254735144 0.013248025540178787 -0.0016336911698466173 0.0028528900768766863 -0.0003150364111687215 0.0040523246414702696 -0.010821410701247295 0.01129947749862407 -0.0079142247953198179 -0.0049575961280779162 0.010959417335689068 0.0039792150373793612 -0.00064073038835400602
leaf_weight=695 134 72 128 1021 82 53 263 77 46 55 1212 40 71 133
leaf_count=672 74 52 79 988 70 46 231 71 33 50 1172 32 58 128
internal_value=-0.00110769 -0.00225931 0.000963762 5.80095e-05 -0.00514214 -0.000441767 7.48669e-05 -0.00653804 0.00339439 -0.00546961 -0.00459488 3.25719e-05 -0.00126875 0.00247612
internal_weight=4082 3948 1864 1736 2084 1664 1534 130 442 2002 1307 95 1092 396
internal_count=3756 3682 1686 1607 1996 1555 1438 117 392 1926 1254 82 1046 359
is_linear=0
shrinkage=0.05


Tree=22
num_leaves=15
num_cat=0
split_feature=85 86 47 100 92 24 157 155 161 10 166 55 7 55
split_gain=64.9909 14.8428 9.01947 3.23692 2.97453 2.90975 5.28102 2.87067 7.84005 2.00749 1.66592 1.96713 0.910982 0.85031
threshold=2.0500000000000003 0.43500000000000005 0.80500000000000016 0.25104166666666677 -0.33499999999999996 27.845879604123038 49.131250000000001 45.587500000000013 42.350000000000001 45.500000000000007 48.050000000000004 0.10500000000000004 -0.97424614976117807 -0.014999999999999984
decision_type=10 10 2 2 10 2 2 2 2 2 2 2 2 2
left_child=1 3 4 -1 -3 7 -7 8 -5 -4 11 12 -6 -14
right_child=-2 2 9 5 10 6 -8 -9 -10 -11 -12 -13 13 -15
leaf_value=-0.005793927917578625 0.031787332794789611 -0.010162832077308479 0.0081561195271206092 -0.0065100880361916059 0.0060825937495489297 -0.0027878331204439391 0.018575324873543447 -0.0040682301414457327 0.021378671776203971 0.020450547312561802 0.0067936275720596314 0.01073379963433937 -0.0029969483973454098 0.00064664282638781604
leaf_weight=1596 145 59 64 63 60 81 45 947 42 69 125 46 216 619
leaf_count=1536 79 55 43 60 52 76 26 915 31 39 87 34 207 597
internal_value=-0.00110089 -0.00228362 0.00222124 -0.00432656 0.000765545 -0.00233851 0.00484187 -0.00319852 0.00464542 0.0145344 0.0013704 0.000649991 0.000131717 -0.000295891
internal_weight=4177 4032 1258 2774 1125 1178 126 1052 105 133 1066 941 895 835
internal_count=3837 3758 1114 2644 1032 1108 102 1006 91 82 977 890 856 804
is_linear=0
shrinkage=0.05


Tree=23
num_leaves=15
num_cat=0
split_feature=94 146 94 26 169 78 47 173 146 85 21 25 90 90
split_gain=61.6729 11.7428 11.1796 5.86531 2.5732 1.9739 3.20813 2.21773 1.99616 1.9293 1.7426 2.8239 1.24238 0.725294
threshold=1.4916666666666669 52.95000000000001 0.40166666666666678 69.786348799665802 3.0500000000000012 3.5258333333333334 0.19500000000000003 0.30110906108238861 54.350000000000001 0.21500000000000002 112.25000000000001 117.04166666666667 0.41500000000000004 0.6150000000000001
decision_type=10 10 10 2 2 2 2 2 10 10 2 2 10 8
left_child=2 -2 4 5 9 6 -4 -8 12 -1 13 -12 -7 -11
right_child=1 -3 3 -5 -6 8 7 -9 -10 10 11 -13 -14 -15
leaf_value=-0.0057979653588937094 0.013559684633816543 0.037821053195567361 -0.002346449225840359 0.018792669401761702 0.0082939151061199069 -0.003711907048407482 0.017411869723582642 0.0037006534495519412 0.0073658149498568989 -0.0039426350363210337 0.011954759127859559 -0.0037899734685197476 0.00036661752905409292 0.00063091989623957341
leaf_weight=1187 95 105 79 47 41 241 60 58 86 1114 49 68 829 94
leaf_count=1147 60 52 77 26 35 234 40 48 58 1068 33 66 779 84
internal_value=-0.000791578 0.0262969 -0.00216211 0.00142861 -0.00413116 0.000825423 0.00545168 0.0106725 3.70384e-05 -0.00433396 -0.00302243 0.00280397 -0.000552003 -0.00358675
internal_weight=4153 200 3953 1400 2553 1353 197 118 1156 2512 1325 117 1070 1208
internal_count=3807 112 3695 1262 2433 1236 165 88 1071 2398 1251 99 1013 1152
is_linear=0
shrinkage=0.05


Tree=24
num_leaves=15
num_cat=0
split_feature=85 47 100 154 92 85 145 17 91 146 101 58 90 64
split_gain=56.0792 12.0021 7.50552 4.31565 2.61213 2.47509 2.10093 1.92555 1.44948 1.14721 0.965287 0.949324 0.933413 0.732453
threshold=2.0500000000000003 0.9850000000000001 0.25303728070175446 3.1546226489609528 0.01999999999999998 0.36500000000000005 45.850000000000001 24.500000000000004 -0.15999999999999998 53.650000000000013 0.048055484995895417 0.15878923099761436 0.45500000000000007 0.021196116680372249
decision_type=10 2 2 2 10 10 10 2 8 10 2 2 10 2
left_child=1 2 -1 4 5 10 -6 9 -7 -8 -4 12 -10 -14
right_child=-2 -3 3 -5 6 8 7 -9 11 -11 -12 -13 13 -15
leaf_value=-0.0050839219061210653 0.030290836540183854 0.01321047494686612 -0.0021850649112772191 0.01425912608198511 0.010865701903219753 -0.0091718112439331083 -0.00075749791805362768 0.010947638848500158 -0.0024530149719219282 0.0064706332008955224 -0.0062051023753854594 0.0069410332290336801 0.0023583045674621691 -0.001451527450687833
leaf_weight=1558 140 127 261 48 58 45 479 44 329 62 349 47 336 202
leaf_count=1496 77 77 247 38 48 41 454 27 316 46 337 36 314 194
internal_value=-0.000807311 -0.00191092 -0.00241391 -0.000573258 -0.000895118 -0.00199506 0.00178887 0.000888947 -0.000411223 7.08646e-05 -0.00448505 2.00967e-05 -0.000355087 0.000927847
internal_weight=4085 3945 3818 2260 2212 1569 643 585 959 541 610 914 867 538
internal_count=3748 3671 3594 2098 2060 1485 575 527 901 500 584 860 824 508
is_linear=0
shrinkage=0.05


Tree=25
num_leaves=15
num_cat=0
split_feature=85 47 86 88 9 17 92 146 166 64 88 7 150 55
split_gain=52.1537 12.3805 7.82895 5.63002 5.26352 2.07425 1.8639 1.44295 1.76827 1.432 1.27152 1.99345 1.01782 0.831817
threshold=2.0500000000000003 0.9850000000000001 0.31500000000000006 0.65500000000000014 32.500000000000007 83.500000000000014 -0.35499999999999993 53.650000000000013 47.750000000000007 0.28801634902282153 0.47500000000000003 -0.97424614976117807 3.7500000000000004 0.040000000000000029
decision_type=10 2 10 10 2 2 10 10 2 2 8 2 10 2
left_child=1 2 9 -3 -2 6 -4 10 -9 12 13 -12 -1 -8
right_child=4 3 5 -5 -6 -7 7 8 -10 -11 11 -13 -14 -15
leaf_value=-0.0049152665552610157 0.01848934942620321 0.0022525267683029654 -0.0083647551056720438 0.02301314185521957 0.037363366192424453 0.011327164783142508 -0.0024463721406841913 -0.00080536335386190714 0.0097147503543746141 0.0019904953096822903 0.010494570757530384 0.00040769112618549425 0.0028605139467778595 0.0026132563935212234
leaf_weight=1977 71 62 67 69 77 40 642 77 83 82 53 646 43 93
leaf_count=1907 43 45 59 35 39 20 620 73 55 74 42 618 39 85
internal_value=-0.000829243 -0.00192544 -0.00244603 0.0131875 0.0283089 7.58389e-05 -0.000195114 0.000148277 0.00465195 -0.0044868 -0.000354224 0.0011725 -0.00474974 -0.00180617
internal_weight=4082 3934 3803 131 148 1701 1661 1594 160 2102 1434 699 2020 735
internal_count=3754 3672 3592 80 82 1572 1552 1493 128 2020 1365 660 1946 705
is_linear=0
shrinkage=0.05


Tree=26
num_leaves=15
num_cat=0
split_feature=94 18 96 56 144 143 13 70 61 94 55 85 92 7
split_gain=58.4646 10.1073 9.45991 4.1286 5.94398 2.93743 2.24895 2.98557 2.65154 1.98102 1.40598 1.1315 1.08535 1.04997
threshold=1.4916666666666669 -1.4999999999999998 0.31000000000000022 0.090000000000000011 52.850000000000001 47.150000000000013 32.500000000000007 3.8350000000000004 0.057916666666666582 0.59833333333333349 0.20500000000000004 0.67500000000000016 -0.049999999999999954 -0.36508554313745384
decision_type=10 2 2 2 10 10 2 2 2 10 2 10 10 2
left_child=2 -2 10 6 5 -5 12 9 -9 -8 -1 -7 -4 -11
right_child=1 -3 3 4 -6 11 7 8 -10 13 -12 -13 -14 -15
leaf_value=-0.0043810136633420935 0.016354549544388957 0.039652970924704191 -0.0054704839186773546 0.010812432129023365 0.020164084743948714 0.0014002709858558916 -0.0013701443737140361 0.002993754432924713 0.018949501544399106 0.011292783693513936 0.0045537739526480435 -0.0087339576809770531 -0.00089958995699082915 0.0018591602278712135
leaf_weight=2043 106 83 152 64 62 71 335 60 46 54 45 45 892 65
leaf_count=1964 64 39 150 48 37 59 315 50 30 31 38 36 867 56
internal_value=-0.000578011 0.0265861 -0.00188305 0.000724579 0.00681223 0.00221326 -0.000193883 0.00236243 0.00991795 0.000598364 -0.00418845 -0.00253111 -0.00156508 0.00613996
internal_weight=4123 189 3934 1846 242 180 1604 560 106 454 2088 116 1044 119
internal_count=3784 103 3681 1679 180 143 1499 482 80 402 2002 95 1017 87
is_linear=0
shrinkage=0.05


Tree=27
num_leaves=15
num_cat=0
split_feature=94 64 85 146 95 64 17 78 60 83 2 85 172 91
split_gain=45.6384 13.8394 7.57474 3.09066 3.8818 2.57709 1.56475 1.51058 2.15216 1.19469 1.40354 1.06075 1.03285 0.965631
threshold=1.4916666666666669 1.445837175035616 0.31500000000000006 53.650000000000013 0.045092497528411976 0.28801634902282153 95.000000000000014 3.4391666666666674 0.14386329392818201 0.29765857518641087 6.5000000000000009 0.60500000000000009 48.625000000000007 -0.049999999999999954
decision_type=10 2 10 10 10 2 2 2 2 2 2 10 2 10
left_child=2 -2 5 6 12 -1 7 8 -4 10 11 -9 -5 -12
right_child=1 -3 3 4 -6 -7 -8 9 -10 -11 13 -13 -14 -15
leaf_value=-0.0042271854712742909 0.0088600644340519532 0.036365024980646796 -0.00013861832558177413 -0.0019454998208161937 0.019215425345844226 0.0045135578952877871 0.0094788863936938889 -0.0025919310983783406 0.013311322378935887 0.0074524832401602044 -0.004802211875964228 -0.010674058402267596 0.0065633553732186564 0.00047595789054407202
leaf_weight=2021 85 99 81 68 46 88 41 415 47 42 96 45 75 890
leaf_count=1937 56 47 75 64 32 77 21 400 34 33 88 44 46 842
internal_value=-0.000682819 0.0236589 -0.00181528 0.000523573 0.00658131 -0.00386247 -0.000167382 -0.00041212 0.00480003 -0.000860477 -0.00110193 -0.00338257 0.00251719 -3.7941e-05
internal_weight=4139 184 3955 1846 189 2109 1657 1616 128 1488 1446 460 143 986
internal_count=3796 103 3693 1679 142 2014 1537 1516 109 1407 1374 444 110 930
is_linear=0
shrinkage=0.05


Tree=28
num_leaves=15
num_cat=0
split_feature=85 47 162 85 153 99 56 98 83 17 63 82 95 82
split_gain=48.7947 9.82664 5.43525 5.0319 3.68426 2.31095 3.53651 2.31495 1.878 1.40633 1.10145 1.09593 0.930026 0.862621
threshold=2.0500000000000003 0.77500000000000013 47.650000000000013 0.24500000000000002 47.241666666666681 0.24125286148354094 -0.31499999999999989 0.49791666666666673 0.29765857518641087 23.500000000000004 0.26104166666666678 3.5185416666666671 0.078102496759118248 3.7077083333333336
decision_type=10 2 2 10 2 2 2 2 2 2 2 2 10 2
left_child=1 3 4 -1 -3 6 -5 8 10 13 12 -7 -8 -9
right_child=-2 2 -4 5 -6 11 7 9 -10 -11 -12 -13 -14 -15
leaf_value=-0.0043629033781006519 0.028154245643338689 0.011243963964036941 0.021301869826857001 0.011687334875530158 -0.0059909270614745061 0.00022758179748395705 -0.0019164565682295337 -0.0017470843353478251 0.0065471419947257699 0.010092365092595527 -0.006114412104455574 -0.0082142896197910896 0.0053484185758229021 0.0025084250306583299
leaf_weight=1598 142 68 64 61 57 53 1041 168 65 49 155 140 46 409
leaf_count=1544 78 42 35 49 43 47 996 165 58 34 147 133 40 373
internal_value=-0.000645484 -0.00167456 0.00945199 -0.00223016 0.00338485 -0.000671799 -0.000166141 -0.000540203 -0.0017377 0.00196 -0.00217129 -0.00589606 -0.00160902 0.00126939
internal_weight=4116 3974 189 3785 125 2187 1994 1933 1307 626 1242 193 1087 577
internal_count=3784 3706 120 3586 85 2042 1862 1813 1241 572 1183 180 1036 538
is_linear=0
shrinkage=0.05


Tree=29
num_leaves=15
num_cat=0
split_feature=85 47 54 100 17 154 85 98 91 56 94 160 101 7
split_gain=45.0942 10.5887 6.44929 5.30583 2.99094 2.84771 1.60925 1.79875 1.45494 1.83021 1.80598 1.13626 0.87544 0.675661
threshold=2.0500000000000003 1.2100000000000002 -0.014999999999999956 0.26354166666666673 86.500000000000014 3.1546226489609528 0.20500000000000004 0.25625000000000003 -0.20500000000000004 -0.60499999999999987 0.38333333333333347 48.45000000000001 0.058028438723329114 -0.98813934156326522
decision_type=10 2 2 2 2 2 10 2 8 2 10 2 2 2
left_child=1 3 -2 -1 5 6 -5 -8 -9 -10 12 13 -11 -12
right_child=2 -3 -4 4 -6 -7 7 8 9 10 11 -13 -14 -15
leaf_value=-0.0039154378661713706 0.015976134554980554 0.013778148251956543 0.036718811268930313 -0.0059465903495610865 0.013395128893316725 0.012187245919564951 0.010468715718506199 -0.0098345056968377684 0.0082062167572582775 -0.0012429139735363485 0.0054346399229770114 0.0050524692459520508 -0.005166065393132158 -0.00029550480869303206
leaf_weight=1629 73 113 77 135 40 44 38 41 61 337 54 122 246 1087
leaf_count=1570 43 66 40 133 20 36 32 37 50 322 49 82 238 1038
internal_value=-0.000284193 -0.0013068 0.026624 -0.0017514 -0.000152665 -0.000402971 -0.000664154 -0.000305076 -0.000515242 -0.00031488 -0.000596455 0.000466079 -0.00289831 -2.43148e-05
internal_weight=4097 3947 150 3834 2205 2165 2121 1986 1948 1907 1846 1263 583 1141
internal_count=3756 3673 83 3607 2037 2017 1981 1848 1816 1779 1729 1169 560 1087
is_linear=0
shrinkage=0.05


Tree=30
num_leaves=15
num_cat=0
split_feature=85 47 54 100 17 154 95 85 24 55 13 100 145 172
split_gain=43.1324 7.76371 6.35312 4.85605 2.53681 2.17969 1.7511 1.62275 1.65197 1.29093 1.8802 1.0738 1.0127 2.53315
threshold=2.0500000000000003 1.2100000000000002 -0.044999999999999978 0.25479166666666669 89.500000000000014 3.1546226489609528 0.2930262801620524 0.39500000000000007 27.845879604123038 0.040000000000000029 31.500000000000004 0.59354166666666686 45.850000000000001 42.425000000000011
decision_type=10 2 2 2 2 2 10 10 2 2 2 2 10 2
left_child=1 3 -2 -1 5 6 7 8 12 11 -11 -9 13 -5
right_child=2 -3 -4 4 -6 -7 -8 9 -10 10 -12 -13 -14 -15
leaf_value=-0.00387758966888096 0.015392126846061628 0.013003248074552515 0.036193229630589484 -0.0051936655006452033 0.012191726869205013 0.0099180086974377697 -0.0091688618529587994 -0.0011112250375657007 0.0042904471362999177 0.00024347389643524018 0.011776721036466237 0.0021396690012879848 -0.0034918854413211868 0.011542747111525387
leaf_weight=1606 71 91 76 52 40 49 60 696 90 84 61 400 711 40
leaf_count=1545 41 51 40 49 20 41 53 667 78 76 45 356 689 34
internal_value=-0.000450868 -0.00143323 0.0261464 -0.00177103 -0.000289157 -0.000511731 -0.000744665 -0.000507809 -0.0021332 0.000661794 0.00509539 7.52326e-05 -0.00285316 0.00208304
internal_weight=4127 3980 147 3889 2283 2243 2194 2134 893 1241 145 1096 803 92
internal_count=3785 3704 81 3653 2108 2088 2047 1994 850 1144 121 1023 772 83
is_linear=0
shrinkage=0.05


Tree=31
num_leaves=15
num_cat=0
split_feature=96 47 85 91 154 23 14 85 56 66 119 64 77 59
split_gain=41.5509 9.38582 4.75778 3.03955 2.43322 2.53641 4.26091 2.12171 1.39482 1.91353 1.25464 1.1817 4.35089 1.00922
threshold=2.7741666666666673 1.5100000000000002 0.22500000000000003 -0.29499999999999987 3.1546226489609528 82.500000000000014 134.50000000000003 0.41500000000000004 0.090000000000000011 3.7750000000000004 0.06187499999999941 0.28801634902282153 0.076376261582614555 0.2091666666666667
decision_type=2 2 10 8 2 2 2 10 2 2 8 2 2 2
left_child=1 2 -1 -4 5 7 -7 11 10 -10 -9 13 -13 -5
right_child=-2 -3 3 4 -6 6 -8 8 9 -11 -12 12 -14 -15
leaf_value=-0.0040501335842010244 0.029649365713287679 0.013894763176795095 -0.012567011591047048 -0.0023318180927566975 0.01009564287919682 0.013206368062142912 -0.00060318410350009802 0.0057405083359145887 5.1366417143966947e-05 0.013010173861179142 -0.00049098771249553622 -0.0058132831953586111 0.014884496504051048 -0.0071750012733095688
leaf_weight=1326 112 100 50 909 57 89 150 89 63 52 874 62 43 122
leaf_count=1281 57 60 43 872 47 62 137 62 53 37 836 58 35 117
internal_value=-0.000386066 -0.00123001 -0.00161922 -0.000360088 -0.000116922 -0.00035423 0.00453929 -0.000882482 0.000706444 0.005911 8.49242e-05 -0.00239028 0.00266295 -0.00290492
internal_weight=4098 3986 3886 2560 2510 2453 239 2214 1078 115 963 1136 105 1031
internal_count=3757 3700 3640 2359 2316 2269 199 2070 988 90 898 1082 93 989
is_linear=0
shrinkage=0.05


Tree=32
num_leaves=15
num_cat=0
split_feature=96 47 100 154 17 88 155 160 23 78 96 89 55 7
split_gain=41.3027 11.7202 3.95134 2.29675 1.7894 1.36738 2.57133 5.2883 2.09014 5.11852 2.54268 1.6125 1.36939 1.18969
threshold=2.7741666666666673 1.2550000000000001 0.25104166666666677 3.1546226489609528 95.000000000000014 0.45500000000000007 45.587500000000013 42.250000000000007 32.875000000000007 3.830833333333334 0.77166666666666683 0.49500000000000005 -0.030000000000000016 -0.67969709623233421
decision_type=2 2 2 2 2 10 2 2 2 2 2 10 2 2
left_child=1 2 -1 4 5 6 7 -4 10 11 -7 -10 -8 -13
right_child=-2 -3 3 -5 -6 8 12 -9 9 -11 -12 13 -14 -15
leaf_value=-0.0035198622342727096 0.028910336195159772 0.01498929440805858 -0.0041745757426772468 0.01044879907228965 0.009611647690884597 -0.00023778456832951637 -0.0069178218744514941 0.019050457208081649 -0.0034363400981100838 0.018932657099967984 -0.011866871267328879 0.0095566878313547935 -0.0018392433927233685 0.001642370925638597
leaf_weight=1548 118 110 57 49 43 600 155 43 117 47 51 64 924 184
leaf_count=1486 59 66 56 40 21 587 148 32 106 28 49 41 889 155
internal_value=-0.000243307 -0.00110506 -0.00156111 -0.000261991 -0.000491675 -0.00068545 -0.00185793 0.00581219 0.000614982 0.00340196 -0.00114882 0.00140212 -0.00256879 0.00368478
internal_weight=4110 3992 3882 2334 2285 2242 1179 100 1063 412 651 365 1079 248
internal_count=3763 3704 3638 2152 2112 2091 1125 88 966 330 636 302 1037 196
is_linear=0
shrinkage=0.05


Tree=33
num_leaves=15
num_cat=0
split_feature=85 54 47 85 17 91 54 100 99 56 56 126 63 90
split_gain=36.891 9.1688 7.68122 3.78569 2.17182 1.44 1.41723 1.41164 1.57931 1.60018 1.45107 1.10999 0.793009 1.0522
threshold=1.9700000000000002 -0.025000000000000185 1.425 0.21500000000000002 95.000000000000014 0.01999999999999998 0.070000000000000048 0.61020833333333346 0.2977169965272653 -0.2649999999999999 0.090000000000000011 0.055000000000000007 0.31812500000000005 0.56500000000000006
decision_type=10 2 2 10 2 10 2 2 2 2 2 10 2 8
left_child=2 -2 3 -1 5 7 -7 8 9 -5 11 -9 13 -11
right_child=1 -3 -4 4 -6 6 -8 10 -10 12 -12 -13 -14 -15
leaf_value=-0.0038425825088689181 0.010187026875010177 0.034986226987980665 0.014038810216574528 0.0071639843446274221 0.010187398738406123 0.00061635487293497349 0.0080170878532953797 0.0016417740944529042 -0.0088858273103833204 -0.0017776351368559873 0.010142292816538452 -0.0057271397932142512 -0.0062039622903226864 0.0041100240414380096
leaf_weight=1206 67 84 81 52 47 338 80 315 75 1475 43 61 94 80
leaf_count=1170 41 44 46 45 23 311 61 284 71 1423 30 57 91 74
internal_value=-0.000271719 0.0239826 -0.00119961 -0.00151889 -0.000465364 -0.000656975 0.00203276 -0.00116919 -0.00178507 -0.00147199 0.00144134 0.000446285 -0.00174432 -0.00147473
internal_weight=4098 151 3947 3866 2660 2613 418 2195 1776 1701 419 376 1649 1555
internal_count=3771 85 3686 3640 2470 2447 372 2075 1704 1633 371 341 1588 1497
is_linear=0
shrinkage=0.05


Tree=34
num_leaves=15
num_cat=0
split_feature=85 48 100 176 26 95 171 85 155 7 101 23 144 142
split_gain=39.8689 7.00301 3.9228 3.13912 2.16558 2.01791 1.60722 1.32427 1.304 4.41909 1.07814 1.00911 0.71278 0.841533
threshold=2.0500000000000003 1.2100000000000002 0.25303728070175446 41.993750000000006 69.786348799665802 0.23094010767582432 1.126942766958241 0.57500000000000007 45.587500000000013 0.22236532613271751 0.093703481005078762 73.833333333333357 52.750000000000007 53.240000000000009
decision_type=10 2 2 2 2 10 2 10 2 2 2 2 10 10
left_child=1 2 -1 -4 5 6 7 8 9 -5 11 -10 -9 -14
right_child=-2 -3 3 4 -6 -7 -8 12 10 -11 -12 -13 13 -15
leaf_value=-0.0032158075821865414 0.025865926426815823 0.012270818994447742 0.013379406811247125 0.014487827065144863 0.010138767300059602 -0.008605765076385611 0.0073562955203027849 0.0006960575063595007 -0.00084917040404759335 -0.0066667117549978356 -0.0033282960507324531 0.0071595627059251434 0.0097879750848832454 0.0015738792148315243
leaf_weight=1618 143 97 43 52 49 74 68 316 967 47 519 41 55 72
leaf_count=1557 78 55 34 43 35 69 54 295 924 45 498 35 34 57
internal_value=-7.73641e-05 -0.00100068 -0.001329 -3.40084e-06 -0.000258029 -0.000488442 -0.000207356 -0.000455944 -0.00111621 0.00444476 -0.00147675 -0.000523418 0.00196752 0.00513116
internal_weight=4161 4018 3921 2303 2260 2211 2137 2069 1626 99 1527 1008 443 127
internal_count=3813 3735 3680 2123 2089 2054 1985 1931 1545 88 1457 959 386 91
is_linear=0
shrinkage=0.05


Tree=35
num_leaves=15
num_cat=0
split_feature=85 47 141 157 96 100 93 15 144 20 48 98 9 61
split_gain=35.7513 6.89361 5.1937 2.76877 2.73505 2.81819 1.40765 1.18723 0.917174 0.926063 0.855346 0.837643 1.00974 0.752277
threshold=2.0500000000000003 0.9850000000000001 50.550000000000004 42.207083333333337 0.31000000000000022 0.29395833333333338 -0.20499999999999999 185.00000000000003 52.650000000000013 2.0816659994591933 0.39500000000000007 0.49791666666666673 41.500000000000007 0.049999999999999843
decision_type=10 2 10 2 2 2 10 2 10 2 2 2 2 2
left_child=1 3 -3 -1 -5 -6 -7 8 9 10 -8 -10 13 -13
right_child=-2 2 -4 4 5 6 7 -9 11 -11 -12 12 -14 -15
leaf_value=0.021555987573586979 0.025967688420935282 0.00074152250659384141 0.02017407346230287 -0.0028032416213939373 0.0097848549329986184 -0.0046530591146343482 -0.00024155052320566029 0.0064344574214534505 -0.0010737307650933237 -0.0025501902018242066 0.0065196213759276464 0.0048975057591198259 0.0090307840403778868 -0.0029818361638010377
leaf_weight=12.999999999999998 126 73 65 2048 69 184 565 68 129 518 51 69 68 54
leaf_count=9 70 48 34 1968 51 172 555 55 122 494 43 55 43 50
internal_value=-0.000253508 -0.00108488 0.00989454 -0.00147986 -0.0015582 -0.000121661 -0.000522335 -2.29566e-05 -0.000324954 -0.00099204 0.000318222 0.00203903 0.00414137 0.00143828
internal_weight=4100 3974 138 3836 3823 1775 1706 1522 1454 1134 616 320 191 123
internal_count=3769 3699 82 3617 3608 1640 1589 1417 1362 1092 598 270 148 105
is_linear=0
shrinkage=0.05


Tree=36
num_leaves=15
num_cat=0
split_feature=96 47 100 176 17 91 94 13 157 90 90 24 168 161
split_gain=26.3029 6.79449 3.01207 2.64674 2.31204 1.5398 1.53724 1.33927 2.34386 1.8206 1.46923 1.19407 0.893089 0.725183
threshold=2.2075000000000005 1.2550000000000001 0.25104166666666677 41.97708333333334 86.500000000000014 -0.215 0.40833333333333344 32.500000000000007 52.685416666666676 0.49500000000000005 0.70500000000000007 1.6966991126308837 0.25000000000000006 43.050000000000004
decision_type=2 2 2 2 2 8 10 2 2 10 10 2 2 2
left_child=1 2 -1 -4 5 -5 13 11 10 -10 -9 12 -8 -7
right_child=-2 -3 3 4 -6 6 7 8 9 -11 -12 -13 -14 -15
leaf_value=-0.0029583167000484041 0.021046736607896101 0.012004755871638543 0.01353187020601971 -0.009302563933009397 0.011591240270063282 -0.0050188915548987053 0.0013352363214445568 -0.0014661057763741131 0.015159096149727703 0.0038334177166689191 0.008383440037015015 -0.0014485153584193053 0.0096483642503153531 -0.001249948111932492
leaf_weight=1559 141 99 35 49 40 152 168 214 57 94 46 615 40 796
leaf_count=1500 79 60 27 43 19 148 165 201 36 68 36 591 36 762
internal_value=-0.000174574 -0.000929419 -0.00126072 -0.000113041 -0.000323332 -0.000536951 -0.000340106 0.000823111 0.00315402 0.00810867 0.000276506 -0.000340927 0.00293391 -0.00185425
internal_weight=4105 3964 3865 2306 2271 2231 2182 1234 411 151 260 823 208 948
internal_count=3771 3692 3632 2132 2105 2086 2043 1133 341 104 237 792 201 910
is_linear=0
shrinkage=0.05


Tree=37
num_leaves=15
num_cat=0
split_feature=85 26 89 23 7 63 87 85 85 161 155 55 141 79
split_gain=38.7452 5.06231 2.45357 1.84591 3.55004 3.16041 2.52592 1.27701 1.02875 1.06332 2.02036 0.934027 0.774073 0.529445
threshold=2.0500000000000003 69.786348799665802 0.46500000000000002 32.875000000000007 -0.62305379842581143 0.051250000000000011 0.82500000000000007 0.35500000000000004 0.7350000000000001 43.050000000000004 45.670833333333341 0.03500000000000001 53.350000000000001 0.022583179581335218
decision_type=10 2 10 2 2 2 10 10 10 2 2 2 10 2
left_child=1 2 8 6 5 -5 7 -4 9 -1 -11 -9 13 -6
right_child=-2 -3 3 4 12 -7 -8 11 -10 10 -12 -13 -14 -15
leaf_value=-0.0037724249240828284 0.025928359364506104 0.011171713655405655 -0.0055467279082996417 0.0029508199374985826 0.0025957074577490861 0.018838418915803578 -0.012707631523872533 0.00016840447997889488 -0.010131117581622676 0.007118914831186306 -0.0017732487800772329 0.0080263745789302572 0.0049401316054475813 -0.0028048593499708941
leaf_weight=677 137 82 94 68 64 58 43 487 40 66 1987 41 66 156
leaf_count=647 75 49 89 47 57 38 39 480 38 58 1901 34 50 141
internal_value=-0.000209871 -0.00112128 -0.00138331 0.000641758 0.0032716 0.0102642 -0.000987558 -0.000177328 -0.00217068 -0.00205404 -0.00148738 0.000778588 0.000190965 -0.00123379
internal_weight=4066 3929 3847 1077 412 126 665 622 2770 2730 2053 528 286 220
internal_count=3743 3668 3619 975 333 85 642 603 2644 2606 1959 514 248 198
is_linear=0
shrinkage=0.05


Tree=38
num_leaves=15
num_cat=0
split_feature=85 88 57 10 100 7 59 93 48 94 135 50 85 90
split_gain=35.3072 4.27375 4.18041 4.6857 4.13848 2.47333 1.39542 1.32699 1.05282 2.20508 1.02954 1.12934 0.848678 0.868859
threshold=2.0500000000000003 0.36500000000000005 0.7950000000000006 44.500000000000007 0.30125000000000007 0.99650645734082077 0.44166666666666676 -0.20499999999999999 0.39500000000000007 0.59833333333333349 0.0040824829046386272 0.14500000000000005 0.16500000000000004 0.55500000000000016
decision_type=10 10 2 2 2 2 2 10 2 10 10 2 10 10
left_child=1 5 4 -4 -3 6 12 -6 10 -10 11 -9 -1 -14
right_child=-2 2 3 -5 7 -7 -8 8 9 -11 -12 -13 13 -15
leaf_value=-0.0040118070913812871 0.024498943578113209 0.01687820988291925 0.00030717770931879424 0.017750404379632954 -0.0043650627307558676 0.0071865672844570079 -0.011239472948099403 0.00022473296693840302 0.012097149225883187 -0.0021314896245592466 0.0065915570160940302 -0.0051809276592869871 -0.0020330037232808317 0.0022324681516678992
leaf_weight=524 143 37 77 77 159 69 44 996 56 53 57 107 1602 129
leaf_count=508 78 29 53 40 154 58 41 937 44 47 46 104 1531 116
internal_value=8.81749e-05 -0.000787356 0.00119243 0.00902879 0.000368678 -0.00214094 -0.00242088 -5.90897e-05 0.000480429 0.00517864 3.89599e-05 -0.00029966 -0.00224881 -0.00171513
internal_weight=4130 3987 1619 154 1465 2368 2299 1428 1269 109 1160 1103 2255 1731
internal_count=3786 3708 1454 93 1361 2254 2196 1332 1178 91 1087 1041 2155 1647
is_linear=0
shrinkage=0.05


Tree=39
num_leaves=15
num_cat=0
split_feature=85 88 56 7 95 158 57 52 82 94 61 101 138 63
split_gain=27.1285 3.92645 5.90572 1.78974 1.34694 1.2963 1.94872 1.62903 1.26212 1.1283 0.963832 0.768252 3.83758 0.752854
threshold=2.0500000000000003 0.49500000000000005 0.095000000000000029 0.99650645734082077 0.10016652800885389 0.5254225352805888 0.77666666666666728 0.12500000000000003 3.7189583333333336 0.1750000000000001 0.42749999999999994 0.25794313736865787 0.058958333333333342 0.23395833333333341
decision_type=10 10 2 2 10 2 2 2 2 10 2 2 10 2
left_child=1 3 5 4 9 8 7 -7 -3 -1 11 13 -13 -11
right_child=-2 2 -4 -5 -6 6 -8 -9 -10 10 -12 12 -14 -15
leaf_value=-0.0035294810594045352 0.022622945378204501 -0.010274205786860264 0.013434751354397671 0.0054811432561282783 -0.0074010566622881154 0.0020795186913470987 0.0098742933990988175 -0.0040289825559968219 -0.00019875319921137656 -0.0013070104956250134 0.0056262170667668769 -0.0026164047321942676 0.014239073062882477 -0.0047700099567855644
leaf_weight=657 127 49 101 84 108 461 63 143 85 1793 51 127 46 172
leaf_count=638 71 45 63 73 99 415 40 139 84 1715 42 119 37 166
internal_value=-0.000122385 -0.000855547 0.00204121 -0.00171561 -0.00192026 0.000604574 0.00150614 0.000633301 -0.00388306 -0.00171227 -0.00116686 -0.0013289 0.0018654 -0.00161013
internal_weight=4067 3940 902 3038 2954 801 667 604 134 2846 2189 2138 173 1965
internal_count=3746 3675 786 2889 2816 723 594 554 129 2717 2079 2037 156 1881
is_linear=0
shrinkage=0.05


Tree=40
num_leaves=15
num_cat=0
split_feature=85 51 87 88 176 56 56 60 91 23 101 6 128 47
split_gain=24.1952 7.42709 3.56789 3.39656 5.53564 4.19981 1.73975 1.70139 1.4381 1.66533 1.57374 2.647 1.27868 2.61292
threshold=3.4150000000000005 3.2100000000000004 1.7150000000000001 0.49500000000000005 38.772916666666674 0.62500000000000011 -0.29499999999999987 0.31266473358914754 0.010000000000000004 103.91666666666669 0.12699327555774328 0.074677835189816757 0.055000000000000007 0.21500000000000002
decision_type=10 2 10 10 2 2 2 2 10 2 2 2 10 2
left_child=1 2 3 4 -1 12 -6 8 -8 10 -10 -12 -5 -14
right_child=-2 -3 -4 5 6 -7 7 -9 9 -11 11 -13 13 -15
leaf_value=0.026963919050553266 0.025041193372639332 0.020817930498160424 -0.01550867171594646 0.00022476257264638849 0.0073307957570507842 0.015648850180068105 -0.0022820983692835484 -0.010862283630515723 -0.0014584765120444617 0.0088298235387312927 0.012260332855522254 -0.0035518766128613301 0.00064089258259083983 0.014132310522944426
leaf_weight=17 94 40 41 701 53 53 2201 51 552 53 59 48 107 54
leaf_count=11 51 20 33 632 44 31 2119 48 523 41 49 45 100 37
internal_value=-3.51075e-05 -0.000620014 -0.00083493 -0.000682582 -0.00148787 0.00198762 -0.00164818 -0.00180874 -0.00165023 0.000303049 -0.000382715 0.00516701 0.00114766 0.00516596
internal_weight=4124 4030 3990 3949 3034 915 3017 2964 2913 712 659 107 862 161
internal_count=3784 3733 3713 3680 2880 800 2869 2825 2777 658 617 94 769 137
is_linear=0
shrinkage=0.05


Tree=41
num_leaves=15
num_cat=0
split_feature=96 93 154 88 56 52 47 85 54 92 101 6 93 26
split_gain=26.236 7.41544 3.35294 2.50092 4.83022 1.88924 1.98256 1.39448 1.28905 1.27049 1.84343 3.38108 0.937663 0.925079
threshold=2.7741666666666673 1.3700000000000003 3.1546226489609528 0.49500000000000005 0.62500000000000011 0.14500000000000005 0.15500000000000003 0.71500000000000008 -0.020000000000000004 0.020000000000000014 0.12280757206425597 0.074677835189816757 -0.39999999999999991 15.0314585542112
decision_type=2 10 2 10 2 2 2 10 2 10 2 2 8 2
left_child=1 2 3 7 5 6 12 9 -7 -1 -11 -12 -5 -10
right_child=-2 -3 -4 4 -6 8 -8 -9 13 10 11 -13 -14 -15
leaf_value=-0.0020103051611685984 0.023624554539805859 0.020159920391648316 0.010917598443472239 -0.0059684144621271465 0.016853243609269462 -0.0077556151966068979 0.0119082065626107 -0.01031698261335906 -0.0038635697462823153 -0.00084926354771192166 0.012976934344903247 -0.0028332053145970265 0.0017993827065882562 0.0040240067497292979
leaf_weight=2309 116 43 61 42 48 94 47 45 82 549 73 63 518 68
leaf_count=2214 58 27 50 41 29 86 34 39 80 520 56 55 473 49
internal_value=0.000179812 -0.000493021 -0.000715095 -0.000895287 0.0014214 0.000550981 0.00204463 -0.00158061 -0.00316479 -0.0014493 0.000441721 0.00565312 0.0012168 -0.000287868
internal_weight=4158 4042 3999 3938 899 851 607 3039 244 2994 685 136 560 150
internal_count=3811 3753 3726 3676 792 763 548 2884 215 2845 631 111 514 129
is_linear=0
shrinkage=0.05


Tree=42
num_leaves=15
num_cat=0
split_feature=85 53 26 85 157 96 90 165 48 22 150 101 96 91
split_gain=21.09 8.12017 4.4895 3.93434 3.65029 2.1635 1.4963 4.73895 1.27315 2.88545 2.20331 1.28143 0.885813 0.463882
threshold=3.2700000000000005 3.2100000000000004 69.786348799665802 1.2450000000000003 42.207083333333337 0.29833333333333351 0.23500000000000001 44.550000000000004 0.39500000000000007 3.7771241264571458 -0.14999999999999855 0.12699327555774328 0.56916666666666704 0.060000000000000019
decision_type=10 2 2 10 2 2 8 2 2 2 8 2 2 10
left_child=1 2 3 4 -1 13 7 -7 11 10 -10 12 -8 -6
right_child=-2 -3 -4 -5 5 6 8 -9 9 -11 -12 -13 -14 -15
leaf_value=0.023706905841827393 0.023476103845463003 0.021254302892789602 0.01044867170573927 -0.014379529445008799 -0.0022863246873410857 -0.004127777128316531 -0.00078304195259197909 0.017347294871210672 0.0016923110699281097 -0.0028199432244985067 0.015924820879866419 -0.0039438187087207669 0.0022068819626905448 0.0029068685443648561
leaf_weight=14.999999999999998 93 42 86 55 1894 54 920 49 52 94 57 243 339 44
leaf_count=10 49 27 50 45 1825 51 890 32 47 77 41 237 300 39
internal_value=-5.8454e-05 -0.000613402 -0.000848779 -0.00110339 -0.000909239 -0.00100781 0.000236252 0.00608852 -0.000117286 0.00359921 0.009135 -0.000619583 2.20289e-05 -0.00216842
internal_weight=4037 3944 3902 3816 3761 3746 1808 103 1705 203 109 1502 1259 1938
internal_count=3720 3671 3644 3594 3549 3539 1675 83 1592 165 88 1427 1190 1864
is_linear=0
shrinkage=0.05


Tree=43
num_leaves=15
num_cat=0
split_feature=101 9 26 157 56 91 85 100 64 100 166 59 135 142
split_gain=25.9408 12.2051 4.16952 2.82034 2.39177 1.70676 1.98652 1.99717 1.11703 0.975006 1.10584 0.980184 0.84401 0.790979
threshold=1.3803035793220904 34.500000000000007 69.786348799665802 43.414583333333347 0.85000000000000009 -0.215 0.31500000000000006 0.27895833333333336 0.28801634902282153 0.59354166666666686 43.050000000000004 0.44166666666666676 0.0046232303497909287 47.45000000000001
decision_type=2 2 2 2 2 8 10 2 2 2 2 2 10 10
left_child=2 -2 3 -1 5 -5 8 -8 -7 11 -11 12 -9 -12
right_child=1 -3 -4 4 -6 6 7 9 -10 10 13 -13 -14 -15
leaf_value=0.014468531922340908 0.0075711270045562126 0.034244739465616847 0.010396113739935337 -0.011073962531407321 -0.012908975387988395 -0.0021938327248812658 0.010868305880153044 -0.00068828076670488186 0.0035922226100964685 0.0093424407661465616 -0.0044396472840422313 -0.0063348385013759492 0.0062431970776030896 0.0018864701527560276
leaf_weight=29 102 74 81 42 43 2024 44 970 87 45 56 74 46 420
leaf_count=23 71 33 47 39 35 1946 35 933 78 38 47 70 39 366
internal_value=3.17647e-06 0.0187862 -0.000831412 -0.0010658 -0.00118278 -0.00105037 -0.000938583 0.000358362 -0.00195537 7.13121e-05 0.00185049 -0.000779104 -0.000374454 0.00114222
internal_weight=4137 176 3961 3880 3851 3808 3766 1655 2111 1611 521 1090 1016 476
internal_count=3800 104 3696 3649 3626 3591 3552 1528 2024 1493 451 1042 972 413
is_linear=0
shrinkage=0.05


end of trees

feature_importances:
treated_ntu_lag1=72
filtered_ntu=27
treated_ntu_rollmean24=27
treated_ntu_rollmean3=26
treated_ntu_rollmean6=22
treated_ntu_rollstd24=21
treated_ntu_lag24=18
treated_ntu_lag6=15
filtered_ntu_change6=14
filtered_ntu_rollstd24=14
raw_water_flow_lag12=14
week_cos=13
filtered_ntu_change3=13
treated_ntu_change1=13
raw_water_ntu_rollstd24=11
filtered_ntu_change1=11
raw_water_ntu_rollstd12=10
raw_water_flow_rollmean12=10
raw_water_ntu=9
raw_water_ntu_change3=9
raw_water_ntu_rollmean12=9
raw_water_flow_rollmean24=9
filtered_ntu_rollstd3=8
treated_ntu_change3=8
treated_ntu_lag2=7
treated_ntu_rollmean12=7
raw_water_ntu_lag1=6
raw_water_ntu_rollmean6=6
filtered_ntu_rollmean24=6
clear_well_level_rollstd24=6
treated_ntu_rollstd6=6
raw_water_flow_rollstd6=6
treated_water_flow_rollmean6=6
filtered_ntu_lag12=5
filtered_ntu_rollmean6=5
clear_well_level_rollmean24=5
treated_ntu_rollstd3=5
treated_ntu_rollstd12=5
raw_water_flow_rollmean6=5
treated_water_flow_lag1=5
treated_water_flow_lag24=5
treated_water_flow_rollmean24=5
raw_water_ntu_lag6=4
filtered_ntu_lag1=4
treated_ntu_lag3=4
treated_ntu_lag12=4
treated_ntu_change6=4
week_sin=3
raw_water_ntu_change6=3
filtered_ntu_rollmean3=3
filtered_ntu_rollmean12=3
clear_well_level_rollmean6=3
alum_feed_rate_rollmean24=3
alum_dosage_rollstd6=3
raw_water_flow=3
raw_water_flow_lag3=3
treated_water_flow=3
treated_water_flow_rollstd12=3
treated_water_flow_rollstd24=3
hour=2
raw_water_ntu_lag3=2
raw_water_ntu_lag24=2
raw_water_ntu_rollmean3=2
raw_water_ntu_rollstd6=2
filtered_ntu_lag3=2
filtered_ntu_lag6=2
filtered_ntu_lag24=2
filtered_ntu_rollstd6=2
filtered_ntu_rollstd12=2
alum_dosage_rollmean12=2
raw_water_flow_lag1=2
raw_water_flow_lag6=2
raw_water_flow_change6=2
treated_water_flow_lag6=2
treated_water_flow_rollstd6=2
month=1
raw_water_ntu_lag2=1
raw_water_ntu_lag12=1
raw_water_ntu_rollstd3=1
raw_water_ntu_rollmean24=1
clear_well_level=1
clear_well_level_lag6=1
clear_well_level_rollstd3=1
clear_well_level_rollstd6=1
clear_well_level_rollmean12=1
alum_feed_rate_rollmean6=1
alum_dosage_lag6=1
alum_dosage_lag24=1
alum_dosage_rollmean24=1
alum_dosage_rollstd24=1
raw_water_flow_lag2=1
raw_water_flow_rollmean3=1
raw_water_flow_rollstd12=1
raw_water_flow_rollstd24=1
treated_water_flow_lag2=1
treated_water_flow_lag12=1
treated_water_flow_change3=1
treated_water_flow_change6=1
treated_water_flow_rollstd3=1

parameters:
[boosting: gbdt]
[objective: huber]
[metric: huber]
[tree_learner: serial]
[device_type: cpu]
[data_sample_strategy: bagging]
[data: ]
[valid: ]
[num_iterations: 44]
[learning_rate: 0.05]
[num_leaves: 15]
[num_threads: 1]
[seed: 2026]
[deterministic: 1]
[force_col_wise: 1]
[force_row_wise: 0]
[histogram_pool_size: -1]
[max_depth: -1]
[min_data_in_leaf: 40]
[min_sum_hessian_in_leaf: 0.001]
[bagging_fraction: 0.8]
[pos_bagging_fraction: 1]
[neg_bagging_fraction: 1]
[bagging_freq: 1]
[bagging_seed: 26038]
[bagging_by_query: 0]
[feature_fraction: 0.8]
[feature_fraction_bynode: 1]
[feature_fraction_seed: 28694]
[extra_trees: 0]
[extra_seed: 4728]
[early_stopping_round: 0]
[early_stopping_min_delta: 0]
[first_metric_only: 0]
[max_delta_step: 0]
[lambda_l1: 0]
[lambda_l2: 0]
[linear_lambda: 0]
[min_gain_to_split: 0]
[drop_rate: 0.1]
[max_drop: 50]
[skip_drop: 0.5]
[xgboost_dart_mode: 0]
[uniform_drop: 0]
[drop_seed: 5409]
[top_rate: 0.2]
[other_rate: 0.1]
[min_data_per_group: 100]
[max_cat_threshold: 32]
[cat_l2: 10]
[cat_smooth: 10]
[max_cat_to_onehot: 4]
[top_k: 20]
[monotone_constraints: ]
[monotone_constraints_method: basic]
[monotone_penalty: 0]
[feature_contri: ]
[forcedsplits_filename: ]
[refit_decay_rate: 0.9]
[cegb_tradeoff: 1]
[cegb_penalty_split: 0]
[cegb_penalty_feature_lazy: ]
[cegb_penalty_feature_coupled: ]
[path_smooth: 0]
[interaction_constraints: ]
[verbosity: -1]
[saved_feature_importance_type: 0]
[use_quantized_grad: 0]
[num_grad_quant_bins: 4]
[quant_train_renew_leaf: 0]
[stochastic_rounding: 1]
[linear_tree: 0]
[max_bin: 255]
[max_bin_by_feature: ]
[min_data_in_bin: 3]
[bin_construct_sample_cnt: 200000]
[data_random_seed: 6654]
[is_enable_sparse: 1]
[enable_bundle: 1]
[use_missing: 1]
[zero_as_missing: 0]
[feature_pre_filter: 1]
[pre_partition: 0]
[two_round: 0]
[header: 0]
[label_column: ]
[weight_column: ]
[group_column: ]
[ignore_column: ]
[categorical_feature: ]
[forcedbins_filename: ]
[precise_float_parser: 0]
[parser_config_file: ]
[objective_seed: 199]
[num_class: 1]
[is_unbalance: 0]
[scale_pos_weight: 1]
[sigmoid: 1]
[boost_from_average: 1]
[reg_sqrt: 0]
[alpha: 0.9]
[fair_c: 1]
[poisson_max_delta_step: 0.7]
[tweedie_variance_power: 1.5]
[lambdarank_truncation_level: 30]
[lambdarank_norm: 1]
[label_gain: ]
[lambdarank_position_bias_regularization: 0]
[eval_at: ]
[multi_error_top_k: 1]
[auc_mu_weights: ]
[num_machines: 1]
[local_listen_port: 12400]
[time_out: 120]
[machine_list_filename: ]
[machines: ]
[gpu_platform_id: -1]
[gpu_device_id: -1]
[gpu_use_dp: 0]
[num_gpu: 1]

end of parameters

pandas_categorical:[]
