tree
version=v4
num_class=1
num_tree_per_iteration=1
label_index=0
max_feature_idx=179
objective=huber
feature_names=hour weekday month is_rainy_season day_sin day_cos week_sin week_cos missing_raw_water_ntu raw_water_ntu raw_water_ntu_lag1 raw_water_ntu_lag2 raw_water_ntu_lag3 raw_water_ntu_lag6 raw_water_ntu_lag12 raw_water_ntu_lag24 raw_water_ntu_change1 raw_water_ntu_change3 raw_water_ntu_change6 raw_water_ntu_rollmean3 raw_water_ntu_rollstd3 raw_water_ntu_rollmean6 raw_water_ntu_rollstd6 raw_water_ntu_rollmean12 raw_water_ntu_rollstd12 raw_water_ntu_rollmean24 raw_water_ntu_rollstd24 missing_raw_water_ph raw_water_ph raw_water_ph_lag1 raw_water_ph_lag2 raw_water_ph_lag3 raw_water_ph_lag6 raw_water_ph_lag12 raw_water_ph_lag24 raw_water_ph_change1 raw_water_ph_change3 raw_water_ph_change6 raw_water_ph_rollmean3 raw_water_ph_rollstd3 raw_water_ph_rollmean6 raw_water_ph_rollstd6 raw_water_ph_rollmean12 raw_water_ph_rollstd12 raw_water_ph_rollmean24 raw_water_ph_rollstd24 missing_filtered_ntu filtered_ntu filtered_ntu_lag1 filtered_ntu_lag2 filtered_ntu_lag3 filtered_ntu_lag6 filtered_ntu_lag12 filtered_ntu_lag24 filtered_ntu_change1 filtered_ntu_change3 filtered_ntu_change6 filtered_ntu_rollmean3 filtered_ntu_rollstd3 filtered_ntu_rollmean6 filtered_ntu_rollstd6 filtered_ntu_rollmean12 filtered_ntu_rollstd12 filtered_ntu_rollmean24 filtered_ntu_rollstd24 missing_clear_well_level clear_well_level clear_well_level_lag1 clear_well_level_lag2 clear_well_level_lag3 clear_well_level_lag6 clear_well_level_lag12 clear_well_level_lag24 clear_well_level_change1 clear_well_level_change3 clear_well_level_change6 clear_well_level_rollmean3 clear_well_level_rollstd3 clear_well_level_rollmean6 clear_well_level_rollstd6 clear_well_level_rollmean12 clear_well_level_rollstd12 clear_well_level_rollmean24 clear_well_level_rollstd24 missing_treated_ntu treated_ntu_lag1 treated_ntu_lag2 treated_ntu_lag3 treated_ntu_lag6 treated_ntu_lag12 treated_ntu_lag24 treated_ntu_change1 treated_ntu_change3 treated_ntu_change6 treated_ntu_rollmean3 treated_ntu_rollstd3 treated_ntu_rollmean6 treated_ntu_rollstd6 treated_ntu_rollmean12 treated_ntu_rollstd12 treated_ntu_rollmean24 treated_ntu_rollstd24 missing_alum_feed_rate alum_feed_rate alum_feed_rate_lag1 alum_feed_rate_lag2 alum_feed_rate_lag3 alum_feed_rate_lag6 alum_feed_rate_lag12 alum_feed_rate_lag24 alum_feed_rate_change1 alum_feed_rate_change3 alum_feed_rate_change6 alum_feed_rate_rollmean3 alum_feed_rate_rollstd3 alum_feed_rate_rollmean6 alum_feed_rate_rollstd6 alum_feed_rate_rollmean12 alum_feed_rate_rollstd12 alum_feed_rate_rollmean24 alum_feed_rate_rollstd24 missing_alum_dosage alum_dosage alum_dosage_lag1 alum_dosage_lag2 alum_dosage_lag3 alum_dosage_lag6 alum_dosage_lag12 alum_dosage_lag24 alum_dosage_change1 alum_dosage_change3 alum_dosage_change6 alum_dosage_rollmean3 alum_dosage_rollstd3 alum_dosage_rollmean6 alum_dosage_rollstd6 alum_dosage_rollmean12 alum_dosage_rollstd12 alum_dosage_rollmean24 alum_dosage_rollstd24 missing_raw_water_flow raw_water_flow raw_water_flow_lag1 raw_water_flow_lag2 raw_water_flow_lag3 raw_water_flow_lag6 raw_water_flow_lag12 raw_water_flow_lag24 raw_water_flow_change1 raw_water_flow_change3 raw_water_flow_change6 raw_water_flow_rollmean3 raw_water_flow_rollstd3 raw_water_flow_rollmean6 raw_water_flow_rollstd6 raw_water_flow_rollmean12 raw_water_flow_rollstd12 raw_water_flow_rollmean24 raw_water_flow_rollstd24 missing_treated_water_flow treated_water_flow treated_water_flow_lag1 treated_water_flow_lag2 treated_water_flow_lag3 treated_water_flow_lag6 treated_water_flow_lag12 treated_water_flow_lag24 treated_water_flow_change1 treated_water_flow_change3 treated_water_flow_change6 treated_water_flow_rollmean3 treated_water_flow_rollstd3 treated_water_flow_rollmean6 treated_water_flow_rollstd6 treated_water_flow_rollmean12 treated_water_flow_rollstd12 treated_water_flow_rollmean24 treated_water_flow_rollstd24 is_backwash_event target_missing_run
feature_infos=[1:23] [0:6] [1:12] [0:1] [-0.96592582628906831:0.96592582628906831] [-0.9659258262890682:0.96592582628906831] [-0.9993007047883985:0.99930070478839861] [-0.9993007047883985:0.99930070478839861] none [1:456] [1:456] [1:456] [1:456] [1:456] [1:456] [1:456] [-203:174] [-209:282] [-246:308] [2.3333333333333335:409] [0:133.50031210949783] [3.3333333333333335:355.66666666666669] [0:125.74484747561893] [4.166666666666667:291.91666666666669] [0:118.49344694833121] [5.083333333333333:248.16666666666666] [0.44232586848012184:123.11599779493913] [0:1] [7:7.2999999999999998] [7:7.2999999999999998] [7:7.2999999999999998] [7:7.2999999999999998] [7:7.2999999999999998] [7:7.2999999999999998] [7:7.2999999999999998] [-0.29999999999999982:0.29999999999999982] [-0.29999999999999982:0.29999999999999982] [-0.29999999999999982:0.29999999999999982] [7:7.1000000000000005] [0:0.17320508075688776] [7:7.0999999999999996] [0:0.12247448713915887] [7:7.0999999999999996] [0:0.086602540378443976] [7:7.0999999999999996] [0:0.071728150235677621] none [0.02:9.8000000000000007] [0.02:9.8000000000000007] [0.02:9.8000000000000007] [0.02:9.8000000000000007] [0.02:9.8000000000000007] [0.02:9.8000000000000007] [0.02:9.8000000000000007] [-3.8900000000000001:7.6000000000000005] [-6.4199999999999999:8] [-6.8000000000000007:8.9199999999999999] [0.02:9.1000000000000014] [0:4.4467216388406126] [0.021666666666666667:8.2333333333333325] [0:3.910882253405235] [0.025833333333333333:5.4916666666666671] [0:3.8004197335972183] [0.028750000000000001:5.0337500000000004] [0:3.4456702509469577] none [2.3300000000000001:3.98] [2.3300000000000001:3.98] [2.2400000000000002:3.98] [1.8600000000000001:3.98] [1.8600000000000001:3.98] [1.8600000000000001:3.98] [1.8600000000000001:3.98] [-1.0199999999999996:1.27] [-1.0899999999999999:1.0499999999999998] [-1.46:1.3999999999999999] [2.523333333333333:3.9399999999999999] [0:0.93744333162062421] [2.3483333333333332:3.8800000000000003] [0:0.69852463569060419] [2.5741666666666667:3.8508333333333336] [0:0.69783376938707498] [2.9075000000000002:3.8350000000000004] [0.0041702882829140432:0.66063155992655276] none [0.080000000000000002:11.9] [0.080000000000000002:11.9] [0.080000000000000002:11.9] [0.080000000000000002:11.9] [0.080000000000000002:11.9] [0.080000000000000002:11.9] [-7.2900000000000009:10.960000000000001] [-9.2300000000000004:10.98] [-11.6:10.98] [0.093333333333333338:7.0399999999999991] [0:6.3335403474939138] [0.096666666666666679:6.4833333333333343] [0:4.5920757833467842] [0.10166666666666667:5] [0:3.4828996757752235] [0.10958333333333332:5] [0:2.6666967842502163] [0:1] [0.01:100] [0.01:100] [0.01:100] [0.01:100] [0.01:100] [0.01:100] [0.01:100] [-99.989999999999995:99.989999999999995] [-99.989999999999995:99.989999999999995] [-99.989999999999995:99.989999999999995] [0.01:100] [0:57.729253416270687] [0.01:86.016666666666666] [0:54.766778524941557] [0.01:50.005000000000003] [0:52.218074457030689] [0.01:25.007500000000004] [0:44.228163587784493] [0:1] [0.040000000000000001:0.080000000000000002] [0.040000000000000001:0.080000000000000002] [0.040000000000000001:0.080000000000000002] [0.040000000000000001:0.080000000000000002] [0.040000000000000001:0.080000000000000002] [0.040000000000000001:0.080000000000000002] [0.040000000000000001:0.080000000000000002] [-0.029999999999999999:0.029999999999999999] [-0.029999999999999999:0.029999999999999999] [-0.029999999999999999:0.029999999999999999] [0.046666666666666669:0.073333333333333334] [0:0.017320508075688766] [0.048333333333333339:0.066666666666666666] [0:0.016431676725154984] [0.049166666666666671:0.063333333333333339] [0:0.013568010505999362] [0.045000000000000005:0.061666666666666668] [0:0.010206207261596573] none [4.7000000000000002:63.399999999999999] [4.7000000000000002:63.399999999999999] [4.7000000000000002:63.399999999999999] [4.7000000000000002:63.399999999999999] [4.7000000000000002:63.399999999999999] [4.7000000000000002:63.399999999999999] [4.7000000000000002:63.399999999999999] [-42.399999999999999:41.399999999999999] [-42.5:40.699999999999996] [-42.799999999999997:42.199999999999996] [18.5:57.199999999999996] [0:24.479651413640187] [25.933333333333334:56.25] [0:21.844633208181914] [27.416666666666668:55.833333333333336] [0.08660254037482007:16.564609499737376] [36.524999999999999:55.679166666666667] [0.1102533314841494:13.40603819720533] none [17.5:55.600000000000001] [17.5:55.600000000000001] [17.5:55.600000000000001] [17.5:55.600000000000001] [17.5:55.600000000000001] [17.5:55.600000000000001] [17.5:55.600000000000001] [-17.099999999999998:17.400000000000002] [-17.799999999999997:17.199999999999999] [-24.399999999999999:30.899999999999999] [21.5:54.466666666666669] [0:9.9886602371555817] [24.516666666666666:53.533333333333331] [0:9.9451830886447574] [25.291666666666668:52.708333333333336] [0.028867513471830149:11.950310633720616] [33.658333333333331:52.429166666666667] [0.063702205724026989:11.908180570211028] [0:1] none
tree_sizes=1423 1455 1474 1472 1478 1479 1487 1482 1486 1481 1471 1488 1479 1467 1494 1483 1485 1485 1478 1485 1483 1477 1475 1486 1502 1505 1499 1481 1490 1492 1487 1499 1504 1505 1493 1508 1492 1500 1516 1511 1516 1506 1491 1503 1500 1497 1515 1511 1518 1508 1515 1515 1504 1503 1513 1524

Tree=0
num_leaves=15
num_cat=0
split_feature=94 47 94 91 139 91 91 174 94 94 64 55 97 94
split_gain=215.622 52.6656 44.5245 9.36675 8.88729 8.08539 6.5279 4.43577 3.89402 3.74846 2.47663 1.70521 0.778744 0.635179
threshold=0.56166666666666687 1.2550000000000001 0.30833333333333351 0.080000000000000057 1.0000000180025095e-35 0.069999999999999979 -1.0000000180025095e-35 46.19583333333334 0.20333333333333345 0.40833333333333344 1.2055899003403316 0.010000000000000007 0.028047578624311325 0.48000000000000015
decision_type=10 2 10 10 8 10 10 2 8 10 2 2 10 10
left_child=2 4 5 9 6 8 -2 -8 -1 -4 -3 12 -6 -11
right_child=1 10 3 -5 11 -7 7 -9 -10 13 -12 -13 -14 -15
leaf_value=0.51836158440559177 0.54307330546976595 0.57051363850338932 0.52841934549884251 0.54989000267532062 0.54262246300210792 0.54077726697695816 0.57018480721949516 0.5535729952501478 0.52282614733122024 0.53268902121299921 0.58176733555566984 0.54924337859834105 0.53737808916878582 0.5357411476606937
leaf_weight=1061 89 88 466 77 154 50 64 108 905 336 110 64 131 346
leaf_count=1027 78 45 449 58 148 42 36 81 868 326 51 55 125 336
internal_value=0.531251 0.55436 0.52549 0.533008 0.547087 0.520922 0.554066 0.559754 0.520417 0.531876 0.576766 0.541868 0.540212 0.534237
internal_weight=4049 808 3241 1225 610 2016 261 172 1966 1148 198 349 285 682
internal_count=3725 619 3106 1169 523 1937 195 117 1895 1111 96 328 273 662
is_linear=0
shrinkage=1


Tree=1
num_leaves=15
num_cat=0
split_feature=85 85 85 47 92 85 54 100 47 94 47 19 60 85
split_gain=230.765 50.6362 39.0236 12.8158 5.90074 5.28327 4.25092 3.73195 3.29699 3.13124 1.96029 1.24836 1.20359 0.788733
threshold=0.57500000000000007 1.405 0.31500000000000006 1.5100000000000002 0.18500000000000005 0.21500000000000002 0.095000000000000015 0.73479166666666673 1.2550000000000001 0.40833333333333344 0.45500000000000007 33.500000000000007 0.023273485513736578 0.16500000000000004
decision_type=10 10 10 2 10 10 2 2 2 10 2 2 2 8
left_child=2 3 5 7 9 13 -7 10 -3 -4 12 -9 -2 -1
right_child=1 8 4 -5 -6 6 -8 11 -10 -11 -12 -13 -14 -15
leaf_value=-0.018660404183647849 0.0060710267844248794 0.031376635773770818 -0.0078273985138816154 0.031821940422934646 0.014414244984462046 -0.012968078547258908 0.0033217878435694037 0.0096311154862103818 0.044566251580361968 -0.0024183993122007296 0.013134509813403939 0.019153026911511047 -0.0014914938966298838 -0.016100174167434721
leaf_weight=550 245 73 429 68 43 862 42 55 135 711 82 92 67 664
leaf_count=536 237 44 414 30 33 827 35 45 64 687 67 56 62 642
internal_value=-0.00515377 0.0186378 -0.0110422 0.0113632 -0.00376807 -0.0151051 -0.0122112 0.00879167 0.0399372 -0.00445389 0.00625508 0.0155904 0.00444702 -0.0172601
internal_weight=4118 817 3301 609 1183 2118 904 541 208 1140 394 147 312 1214
internal_count=3779 605 3174 497 1134 2040 862 467 108 1101 366 101 299 1178
is_linear=0
shrinkage=0.05


Tree=2
num_leaves=15
num_cat=0
split_feature=85 85 85 47 91 47 91 85 89 91 94 88 172 85
split_gain=200.238 47.7453 33.6318 10.2178 5.55685 4.30273 4.1992 3.7449 3.58513 2.49693 2.46402 0.894938 0.765117 0.738616
threshold=0.56500000000000006 1.3800000000000001 0.31500000000000006 1.5100000000000002 0.069999999999999979 1.2100000000000002 0.11000000000000008 0.20500000000000004 0.77500000000000013 0.065000000000000016 0.44000000000000011 0.52500000000000013 47.608333333333341 0.24500000000000002
decision_type=10 10 10 2 10 2 10 8 10 10 10 10 2 10
left_child=2 3 4 8 7 -3 10 -1 9 11 -4 -2 -13 -9
right_child=1 5 6 -5 -6 -7 -8 13 -10 -11 -12 12 -14 -15
leaf_value=-0.016679543649836242 -0.00032473467090832339 0.028662800409601653 -0.0066795094959763495 0.031958413675427441 0.0030584770042656195 0.044131559289472051 0.01118197462004092 -0.013913083138300253 0.01585771530068892 0.017365264227952471 -0.0020109724840404598 0.0048654575191673793 0.011812265459051792 -0.011155420323027391
leaf_weight=1115 70 69 577 50 45 129 45 454 122 44 554 253 47 522
leaf_count=1080 67 42 555 23 39 63 33 441 81 31 538 244 42 496
internal_value=-0.00520848 0.0175137 -0.0105872 0.0103414 -0.0143257 0.0387409 -0.00379674 -0.0146998 0.00832485 0.00610502 -0.00439271 0.00476596 0.00595379 -0.0124382
internal_weight=4096 784 3312 586 2136 198 1176 2091 536 414 1131 370 300 976
internal_count=3775 593 3182 488 2056 105 1126 2017 465 384 1093 353 286 937
is_linear=0
shrinkage=0.05


Tree=3
num_leaves=15
num_cat=0
split_feature=85 85 96 93 85 85 91 91 88 91 93 56 88 85
split_gain=201.628 63.9209 13.3725 9.08048 7.71999 4.5535 4.3384 3.72513 3.16217 1.37938 1.31373 1.28918 1.18341 1.11202
threshold=0.88500000000000012 0.37500000000000006 1.3800000000000001 0.12000000000000002 0.24500000000000002 0.53500000000000014 1.0000000180025095e-35 0.069999999999999979 0.40500000000000008 -0.069999999999999882 0.24500000000000008 0.15500000000000005 3.2700000000000005 0.17500000000000002
decision_type=10 10 2 10 10 10 8 10 10 10 8 2 10 8
left_child=1 4 6 5 11 -3 -2 -6 10 -7 -5 13 -4 -1
right_child=2 3 12 8 7 9 -8 -9 -10 -11 -12 -13 -14 -15
leaf_value=-0.016631583804091951 0.015227990612919538 -0.0033583595378825319 0.036711839143600732 -0.0015781831221674829 -0.0097296154259908264 -0.0039329528070639001 0.031043922890805539 0.0057282453879895744 0.017201328199337593 0.004300734417896016 0.010243749761975004 -0.0064830003263936804 0.044820153580771557 -0.013930608385192332
leaf_weight=701 109 713 90 47 789 59 72 41 97 369 47 44 90 835
leaf_count=681 72 691 47 43 754 56 35 34 73 360 38 37 42 810
internal_value=-0.00456952 -0.00801219 0.031116 0.000777948 -0.0128705 -0.000911116 0.0215194 -0.00896603 0.0108681 0.00316572 0.00433278 -0.0149216 0.040766 -0.0151633
internal_weight=4103 3742 361 1332 2410 1141 181 830 191 428 94 1580 180 1536
internal_count=3773 3577 196 1261 2316 1107 107 788 154 416 81 1528 89 1491
is_linear=0
shrinkage=0.05


Tree=4
num_leaves=15
num_cat=0
split_feature=85 85 47 92 85 85 138 93 91 55 66 85 91 17
split_gain=197.999 57.9488 15.8546 8.21062 7.71741 6.64279 6.03211 3.23962 2.42625 1.18585 1.08916 1.05389 0.911042 0.865462
threshold=0.88500000000000012 0.39500000000000007 1.6050000000000002 0.12999999999999998 0.56500000000000006 0.24500000000000002 0.055208333333333345 0.11500000000000003 0.089999999999999997 0.14500000000000005 3.8150000000000004 0.16500000000000004 -0.034999999999999969 -19.499999999999996
decision_type=10 10 2 10 10 10 10 10 10 2 2 8 10 2
left_child=1 3 6 5 8 11 10 12 -3 -9 -2 -1 -6 -7
right_child=2 4 -4 -5 7 13 -8 9 -10 -11 -12 -13 -14 -15
leaf_value=-0.016079430273822155 0.0099575813491678544 -0.0023821985089335558 0.042249181057985238 0.0099760741982165557 -0.00079447377859134978 -0.0033526489454688449 0.032022475782804281 0.0085822527951138379 0.0097104993299581121 0.018878596408517453 0.019186556962967824 -0.013341397687903432 0.0054726618421919917 -0.0093050386347993761
leaf_weight=539 62 724 164 42 74 66 83 54 44 58 66 1010 268 817
leaf_count=523 46 704 76 34 72 60 46 48 34 35 36 977 257 784
internal_value=-0.00403018 -0.00754256 0.0305878 -0.0119427 0.00136566 -0.0123212 0.0215239 0.00653366 -0.00168939 0.0139143 0.0147163 -0.0142941 0.00411661 -0.00886013
internal_weight=4071 3696 375 2474 1222 2432 211 454 768 112 128 1549 342 883
internal_count=3732 3528 204 2378 1150 2344 128 412 738 83 82 1500 329 844
is_linear=0
shrinkage=0.05


Tree=5
num_leaves=15
num_cat=0
split_feature=85 85 96 91 85 85 91 93 91 91 100 48 85 87
split_gain=197.007 45.5871 25.1402 7.49553 5.91915 5.57048 3.31041 2.62942 2.19534 1.93308 1.02911 0.962491 0.881625 0.856986
threshold=0.74500000000000011 0.37500000000000006 1.6150000000000004 0.034999999999999927 0.21500000000000002 0.52500000000000013 0.069999999999999979 0.23000000000000004 -0.069999999999999882 0.069999999999999979 0.26104166666666678 2.5450000000000004 0.91500000000000015 0.56500000000000006
decision_type=10 10 2 10 10 10 10 10 10 10 2 2 10 10
left_child=1 4 3 8 -1 9 10 13 -2 -3 -6 -4 -10 -7
right_child=2 5 11 -5 6 7 -8 -9 12 -11 -12 -13 -14 -15
leaf_value=-0.014102211587441208 0.0055825328303743286 -0.0032377661773266781 0.037457032220134905 0.030429298380090869 -0.011319867993924414 0.00014776961369177658 0.0029415659770300542 0.01498410604052389 0.011864778528300425 0.0071463607610591385 -0.0083282472849249018 0.044740179864068828 0.020071263062871166 0.0047533701104371835
leaf_weight=1213 74 676 86 81 539 158 54 52 60 48 616 96 72 280
leaf_count=1175 64 654 45 39 519 151 46 40 50 40 586 45 36 266
internal_value=-0.00373684 -0.00767079 0.0267617 0.0175432 -0.0116345 0.000237035 -0.00915861 0.00435401 0.0124763 -0.00254932 -0.00972434 0.0412987 0.016341 0.00309199
internal_weight=4105 3636 469 287 2422 1214 1209 490 206 724 1155 182 132 438
internal_count=3756 3477 279 189 2326 1151 1151 457 150 694 1105 90 86 417
is_linear=0
shrinkage=0.05


Tree=6
num_leaves=15
num_cat=0
split_feature=85 85 47 128 85 91 85 91 54 91 91 17 85 85
split_gain=185.215 43.6522 23.1741 7.52968 6.64866 6.40611 5.02344 2.95681 2.63797 2.45128 1.35331 1.31024 0.923919 0.851926
threshold=0.83500000000000008 0.37500000000000006 1.7450000000000003 0.055000000000000007 0.56500000000000006 0.095000000000000043 0.24500000000000002 0.089999999999999997 0.050000000000000037 -0.024999999999999963 -0.059999999999999769 -21.499999999999996 0.16500000000000004 0.46500000000000002
decision_type=10 10 2 10 10 10 10 10 2 10 10 2 8 10
left_child=1 5 3 9 7 6 12 13 10 -2 -6 -8 -1 -3
right_child=2 4 -4 -5 8 -7 11 -9 -10 -11 -12 -13 -14 -15
leaf_value=-0.014648681139587462 0.0039633303822483867 -0.0044232634099167605 0.042652812851480697 0.029735269628857315 -0.0034943734752014284 0.0084533762402965555 -0.00040203616589161694 0.0094161187769748484 0.016284060870826827 0.016795677646082276 0.0053434736987077892 -0.0086674462935274529 -0.012064194177920262 -0.0011777541605761919
leaf_weight=532 60 398 166 95 50 42 51 53 51 98 324 801 988 411
leaf_count=513 49 387 78 54 48 33 46 41 37 54 305 764 953 399
internal_value=-0.00337136 -0.0069384 0.028136 0.0186112 0.000498518 -0.0109033 -0.0112461 -0.0020249 0.0056166 0.0119226 0.00416194 -0.00817269 -0.0129688 -0.00277443
internal_weight=4120 3701 419 253 1287 2414 2372 862 425 158 374 852 1520 809
internal_count=3761 3526 235 157 1217 2309 2276 827 390 103 353 810 1466 786
is_linear=0
shrinkage=0.05


Tree=7
num_leaves=15
num_cat=0
split_feature=85 85 47 85 98 91 91 85 91 54 91 87 88 96
split_gain=150.926 41.4031 20.4054 8.95522 5.87726 3.01259 2.87903 2.80257 2.6378 2.63273 1.19467 1.20332 1.18625 0.685792
threshold=0.88500000000000012 0.31500000000000006 2.0100000000000002 0.52500000000000013 1.4762500000000005 -0.049999999999999871 0.060000000000000019 0.21500000000000002 0.080000000000000057 0.084999999999999978 -0.079999999999999988 0.74500000000000011 0.42500000000000004 0.56416666666666693
decision_type=10 10 2 10 2 10 10 10 10 2 10 10 10 2
left_child=1 7 4 8 5 -2 10 -1 12 -9 -5 13 -3 -12
right_child=2 3 -4 6 -6 -7 -8 9 -10 -11 11 -13 -14 -15
leaf_value=-0.012720335991595125 0.0049276641996887829 -0.0057396518294990529 0.043937682213841894 -0.0036445311406631113 0.031424574698530029 0.018769282899927676 0.012762946575370233 -0.0096118512238355363 0.006915383137786224 0.0033719268695610325 0.00013806631213559865 0.010964907550414165 -0.0022406472923699053 0.0044603255741298203
leaf_weight=1220 60 480 122 61 67 114 87 818 59 41 145 52 489 250
leaf_count=1179 47 465 57 60 36 60 62 790 48 36 140 48 478 239
internal_value=-0.00349107 -0.00650795 0.027276 -0.000523331 0.0188415 0.0139963 0.00435855 -0.0111799 -0.00334893 -0.00899214 0.00291921 0.00381494 -0.0039739 0.00287367
internal_weight=4065 3702 363 1623 241 174 595 2079 1028 859 508 447 969 395
internal_count=3745 3545 200 1540 143 107 549 2005 991 826 487 427 943 379
is_linear=0
shrinkage=0.05


Tree=8
num_leaves=15
num_cat=0
split_feature=85 85 85 47 85 47 91 85 92 91 48 100 91 85
split_gain=160.598 39.6106 23.6084 5.96235 4.11211 3.8221 3.40088 3.11446 2.1988 1.34682 0.777851 0.725211 0.676876 0.656288
threshold=0.88500000000000012 0.37500000000000006 1.7550000000000001 0.45500000000000007 0.22500000000000003 0.91500000000000015 0.069999999999999979 0.52500000000000013 0.13500000000000004 -0.034999999999999969 2.6750000000000003 0.63645833333333346 -0.039999999999999987 0.27500000000000008
decision_type=10 10 10 2 10 2 10 10 10 10 2 2 10 10
left_child=1 4 5 7 -1 -2 13 12 -5 -9 -4 -11 -3 -6
right_child=2 3 10 8 6 -7 -8 9 -10 11 -12 -13 -14 -15
leaf_value=-0.011993035322567208 0.01084594496098968 -0.0086197976875019826 0.038161739407555212 0.0042790425831780712 -0.0097877317410941939 0.025008561297119421 0.0053057885203669046 -0.002994676920107419 0.016199322385651152 0.0020103033349916925 0.044925820892271789 0.0064356980233753027 -0.0024085442522998554 -0.0072475976057028062
leaf_weight=1357 120 47 79 85 483 79 47 95 71 253 92 146 657 537
leaf_count=1308 79 46 43 77 470 37 40 91 43 240 43 142 634 513
internal_value=-0.00326167 -0.00634054 0.0281761 0.000509639 -0.0101669 0.0164683 -0.00784448 -0.000687663 0.0097043 0.00235572 0.0418009 0.00362962 -0.00282322 -0.00845043
internal_weight=4148 3778 370 1354 2424 199 1067 1198 156 494 171 399 704 1020
internal_count=3806 3604 202 1273 2331 116 1023 1153 120 473 86 382 680 983
is_linear=0
shrinkage=0.05


Tree=9
num_leaves=15
num_cat=0
split_feature=85 85 98 56 85 48 91 85 100 56 85 49 91 91
split_gain=147.036 33.5312 20.0449 7.34412 5.05154 5.01651 3.2966 1.89944 1.19923 1.05803 1.02941 0.779494 0.65479 0.566829
threshold=0.88500000000000012 0.31500000000000006 1.5862500000000004 0.52500000000000013 0.52500000000000013 1.3100000000000003 0.065000000000000016 0.19500000000000003 0.63645833333333346 -0.0899999999999999 0.41500000000000004 0.39500000000000007 -0.034999999999999969 0.030000000000000009
decision_type=10 10 2 2 10 2 10 8 2 2 10 2 10 10
left_child=1 6 5 4 10 -2 7 -1 12 -4 -3 -10 -6 -12
right_child=2 3 9 -5 8 -7 -8 -9 11 -11 13 -13 -14 -15
leaf_value=-0.012023246117687528 0.0099709891508110854 -0.0049164856391174369 0.036519997908788571 0.016014375617154516 -0.0032099153928232243 0.026650375937422116 0.002471457834483362 -0.0089496785657209275 0.0042442801084881035 0.044480873608007669 -0.0022835444043871138 0.011939675485094389 0.0021274234100538132 0.0029992936219889344
leaf_weight=952 113 479 85 65 73 75 51 1065 152 82 465 42 270 57
leaf_count=923 74 461 42 42 69 37 44 1026 152 39 453 34 252 52
internal_value=-0.00290428 -0.00587572 0.0278229 -0.000448081 -0.00114383 0.016625 -0.0100829 -0.0104004 0.00276849 0.0404289 -0.00324264 0.00591029 0.000991488 -0.00170668
internal_weight=4026 3671 355 1603 1538 188 2068 2017 537 167 1001 194 343 522
internal_count=3700 3508 192 1515 1473 111 1993 1949 507 81 966 186 321 505
is_linear=0
shrinkage=0.05


Tree=10
num_leaves=15
num_cat=0
split_feature=85 85 47 47 85 85 56 85 91 91 73 85 176 91
split_gain=135.061 29.6699 23.7509 7.97306 7.40826 4.76166 3.20126 1.7822 1.27121 1.08653 1.0847 0.835413 0.59856 0.549759
threshold=0.83500000000000008 0.31500000000000006 1.7450000000000003 0.79500000000000015 1.7350000000000001 0.48500000000000004 0.18500000000000008 0.20500000000000004 -0.049999999999999871 -0.01 0.13000000000000014 0.64500000000000013 43.045833333333341 -0.034999999999999969
decision_type=10 10 2 2 10 10 2 8 10 8 2 10 2 10
left_child=1 6 4 5 8 13 7 -1 -2 -7 11 -11 -9 -3
right_child=2 3 -4 -5 -6 9 -8 12 -10 10 -12 -13 -14 -15
leaf_value=-0.011260735343072426 0.0049109227865213358 -0.0085180413988182099 0.041581928817969231 0.014520101670946351 0.030525737436255442 -0.0010955891829604904 0.0017482110528183768 -0.0040837028971276229 0.013779690107009536 0.0010440336527579208 0.010902092670567515 0.0060476327135243965 -0.0086593830329856781 -0.0035093693155315332
leaf_weight=1080 62 59 144 84 64 225 61 78 116 311 41 114 854 767
leaf_count=1052 48 58 68 55 38 219 52 71 66 296 35 110 822 743
internal_value=-0.00263157 -0.00558752 0.0255035 -0.000474678 0.0159362 -0.00130498 -0.00953623 -0.00987835 0.0106906 0.00175775 0.00313543 0.00238618 -0.00827644 -0.00386713
internal_weight=4060 3674 386 1601 242 1517 2073 2012 178 691 466 425 932 826
internal_count=3733 3513 220 1516 152 1461 1997 1945 114 660 441 406 893 801
is_linear=0
shrinkage=0.05


Tree=11
num_leaves=15
num_cat=0
split_feature=85 85 85 85 56 91 85 91 54 91 91 87 100 157
split_gain=141.492 29.3181 23.2542 4.23659 4.14653 3.7321 2.77236 1.98614 1.77063 1.30416 1.12267 0.78732 0.581822 0.756406
threshold=0.91500000000000015 0.37500000000000006 1.8200000000000003 0.56500000000000006 0.3050000000000001 0.010000000000000004 0.22500000000000003 0.089999999999999997 0.13499999999999998 -1.0000000180025095e-35 -0.074999999999999997 0.74500000000000011 0.24687500000000004 46.825000000000003
decision_type=10 10 10 10 2 10 10 10 2 10 10 10 2 2
left_child=1 4 5 7 6 -2 -1 -3 10 -4 -5 -12 -8 -14
right_child=2 3 9 8 -6 -7 12 -9 -10 -11 11 -13 13 -15
leaf_value=-0.010358207365161498 0.0091360705615226353 -0.001934397087428837 0.035550638269155457 -0.003287619333759022 0.0066816118503497408 0.023408536202734032 -0.0085883242892367505 0.0083291481658816346 0.014356549535157338 0.044195494070799667 0.0034639739033094199 0.0094190670615609956 -0.0017309835582072367 -0.0067056150747326669
leaf_weight=1301 109 823 78 52 44 79 350 50 42 99 302 68 87 628
leaf_count=1262 72 797 41 51 36 36 335 39 27 49 286 57 80 604
internal_value=-0.00233784 -0.00523261 0.0273792 0.000705373 -0.00852683 0.0151335 -0.00880966 -0.00134657 0.00456602 0.0403859 0.00359161 0.00455842 -0.00691797 -0.00610031
internal_weight=4112 3747 365 1337 2410 188 2366 873 464 177 422 370 1065 715
internal_count=3772 3574 198 1257 2317 108 2281 836 421 90 394 343 1019 684
is_linear=0
shrinkage=0.05


Tree=12
num_leaves=15
num_cat=0
split_feature=85 85 85 47 92 94 85 54 47 55 93 66 85 85
split_gain=131.455 25.6345 23.9261 5.80402 5.61582 3.61856 2.69436 1.80877 1.42802 0.866131 0.827849 0.795995 0.653873 0.622974
threshold=0.88500000000000012 0.39500000000000007 1.7350000000000001 1.2550000000000001 0.34000000000000008 0.23666666666666678 0.56500000000000006 0.084999999999999978 2.7400000000000007 1.0000000180025095e-35 0.11500000000000003 3.8150000000000004 0.29500000000000004 0.17500000000000002
decision_type=10 10 10 2 10 10 10 2 2 2 10 2 10 8
left_child=1 5 3 11 6 13 -3 12 -4 -8 -11 -2 -7 -1
right_child=2 4 8 -5 -6 7 9 -9 -10 10 -12 -13 -14 -15
leaf_value=-0.010725269420470439 0.0045504042201421476 -0.0015431125739240395 0.035696776651115307 0.025860511898994451 0.017833771497169706 -0.0075390025837232116 0.0018628451722235277 0.0032083210008183741 0.044999998807907109 0.0039843076220687397 0.012245421599515756 0.012345691380592494 -0.0049753347472798809 -0.00862768810041541
leaf_weight=702 66 758 83 75 47 503 260 53 82 89 46 65 492 714
leaf_count=680 47 733 44 34 27 479 254 45 39 82 36 35 472 691
internal_value=-0.00222883 -0.00510058 0.0261325 0.0147686 0.000892284 -0.00801918 0.000201694 -0.00579193 0.0403202 0.00354996 0.00679921 0.00841829 -0.00627134 -0.00966759
internal_weight=4035 3664 371 206 1200 2464 1153 1048 165 395 135 131 995 1416
internal_count=3698 3499 199 116 1132 2367 1105 996 83 372 118 82 951 1371
is_linear=0
shrinkage=0.05


Tree=13
num_leaves=15
num_cat=0
split_feature=85 85 92 85 47 174 47 91 91 91 85 85 63 91
split_gain=121.135 38.6139 12.9035 6.2605 4.23938 2.26892 2.11754 1.87614 1.77998 1.52004 1.38754 1.06952 0.788421 0.538487
threshold=1.7350000000000001 0.47500000000000003 0.55500000000000016 0.31500000000000006 0.91500000000000015 50.412500000000009 2.1200000000000006 0.069999999999999979 0.080000000000000057 -0.215 0.56500000000000006 0.19500000000000003 0.57854166666666684 -0.034999999999999969
decision_type=10 10 10 10 2 2 2 10 10 8 10 8 2 10
left_child=1 3 4 7 5 9 -2 11 13 -3 -11 -1 -12 -5
right_child=6 2 -4 8 -6 -7 -8 -9 -10 10 12 -13 -14 -15
leaf_value=-0.0097059412887900154 0.032672379604757655 -0.008133757559699006 0.030650977269591147 -0.0083524384668895186 0.012970435905911716 0.010352485995231704 0.043921259380116762 0.0015287947792482252 0.0062011041750950858 -0.00035360466168501259 0.0030209396101050952 -0.0074199460959145664 0.009472103959838437 -0.0032535017809157958
leaf_weight=947 73 40 45 56 101 77 98 48 49 366 341 1113 55 687
leaf_count=914 41 37 23 55 55 46 48 42 39 357 326 1066 44 663
internal_value=-0.00207603 -0.00387078 0.00447101 -0.00681917 0.00326887 0.00215413 0.0391191 -0.00824314 -0.00302909 0.001367 0.00186573 -0.00847084 0.00391693 -0.00363781
internal_weight=4096 3925 1025 2900 980 879 171 2108 792 802 762 2060 396 743
internal_count=3756 3667 888 2779 865 810 89 2022 757 764 727 1980 370 718
is_linear=0
shrinkage=0.05


Tree=14
num_leaves=15
num_cat=0
split_feature=85 85 92 85 93 85 94 91 13 141 91 22 85 91
split_gain=120.285 31.8291 10.4445 8.08466 4.52757 3.72032 3.17641 1.22318 1.28245 0.800287 0.695747 0.674153 0.535798 0.461286
threshold=1.3800000000000001 0.43500000000000005 0.34000000000000008 2.2950000000000004 0.17500000000000004 0.24500000000000002 0.64833333333333343 -0.099999999999999908 30.500000000000004 54.205000000000005 0.030000000000000009 5.6005952064638107 0.16500000000000004 -0.039999999999999987
decision_type=10 10 10 10 10 10 10 10 2 10 10 2 8 10
left_child=1 4 6 -2 5 12 10 -8 -9 13 -3 -10 -1 -7
right_child=3 2 -4 -5 -6 9 7 8 11 -11 -12 -13 -14 -15
leaf_value=-0.0099317998854266537 0.021774393293815544 -0.00066810000375810096 0.021201225913859704 0.04196693395428798 0.0096302818592138052 -0.0093353685358020123 -0.0012275115127623496 0.003346940274889305 0.013171561847061473 0.0020051186790735259 0.0039164861654372597 0.0067403383314518679 -0.0079932236310340608 -0.0048539514041949705
leaf_weight=537 78 642 74 136 41 61 54 135 81 41 95 82 1060 979
leaf_count=521 44 621 39 68 33 60 49 133 48 38 86 59 1022 938
internal_value=-0.0018866 -0.00389836 0.00302424 0.034607 -0.00685937 -0.00711182 0.00178907 0.00569646 0.00695114 -0.00484668 -7.71425e-05 0.00993622 -0.00864508 -0.0051168
internal_weight=4096 3882 1163 214 2719 2678 1089 352 298 1081 737 163 1597 1040
internal_count=3759 3647 1035 112 2612 2579 996 289 240 1036 707 107 1543 998
is_linear=0
shrinkage=0.05


Tree=15
num_leaves=15
num_cat=0
split_feature=85 85 85 92 85 100 55 56 19 91 85 91 142 85
split_gain=116.057 29.9515 7.25651 7.00803 4.8921 3.17587 1.57578 1.52046 1.519 1.31428 1.13223 0.938872 0.667282 0.485032
threshold=1.3800000000000001 0.47500000000000003 2.3100000000000001 0.40000000000000002 0.31500000000000006 0.67145833333333349 0.34000000000000008 0.18500000000000008 27.500000000000004 0.080000000000000057 0.18500000000000003 -0.049999999999999954 48.350000000000001 0.55500000000000016
decision_type=10 10 10 10 10 2 2 2 2 10 8 10 10 10
left_child=1 4 -2 5 7 6 11 10 -7 -6 -1 -3 -10 -13
right_child=2 3 -4 -5 9 8 -8 -9 12 -11 -12 13 -14 -15
leaf_value=-0.0090871430945186748 0.023289341688519573 -0.0042029275291905815 0.042430008450150491 0.019424319220011806 -0.0033109420468792599 0.0019293145822553801 0.010531377651241201 0.00040242834792782867 0.0059047646209364757 0.0055837121982635421 -0.0066890806023200801 -0.00019019780039691468 0.012284347574275576 0.0028087763945528546
leaf_weight=835 82 98 125 67 740 87 40 60 64 44 1199 311 114 238
leaf_count=806 45 95 62 34 715 85 28 52 45 37 1154 303 70 226
internal_value=-0.00163461 -0.00357247 0.0348477 0.00379422 -0.00618076 0.0026942 0.00090059 -0.00744213 0.00734404 -0.00281175 -0.00767354 0.000305178 0.00999056 0.0011099
internal_weight=4104 3897 207 1019 2878 952 687 2094 265 784 2034 647 178 549
internal_count=3757 3650 107 886 2764 852 652 2012 200 752 1960 624 115 529
is_linear=0
shrinkage=0.05


Tree=16
num_leaves=15
num_cat=0
split_feature=94 94 91 47 92 87 100 21 55 97 92 7 100 173
split_gain=108.758 23.7327 9.41266 7.08348 4.43094 3.2096 2.51347 1.42876 0.93986 0.901705 0.691242 0.669313 0.66355 0.630285
threshold=1.4916666666666669 0.45166666666666672 0.31500000000000006 1.8050000000000004 0.22500000000000006 0.27500000000000008 0.64312500000000006 27.750000000000004 0.40000000000000024 0.22796198091435335 -0.044999999999999978 -0.43358032629640136 0.6937500000000002 0.79130687274453027
decision_type=10 10 10 2 10 10 2 2 2 10 10 2 2 2
left_child=1 4 6 -2 5 -1 8 12 9 -3 -7 -9 -8 -12
right_child=3 2 -4 -5 -6 10 7 11 -10 -11 13 -13 -14 -15
leaf_value=-0.0076077461001748357 0.023336382252385931 -2.3063549870515053e-05 0.025107572186177343 0.042471616741335184 0.010138391165017356 -0.0072684071438257093 0.0037638000404810316 0.01133901171519288 0.00718494641284148 -0.0069865736486390238 -0.0036660978354794548 0.0053252377611747725 -0.0033765368718983758 0.0025750175735718291
leaf_weight=1826 84 662 44 114 41 129 101 84 42 50 683 103 48 43
leaf_count=1763 48 635 22 54 32 126 100 45 28 47 659 89 47 39
internal_value=-0.00178686 -0.00364263 0.0024347 0.0343536 -0.00617447 -0.00642394 0.00151947 0.00511621 -8.33276e-05 -0.000512074 -0.00389572 0.00802661 0.00146356 -0.00329644
internal_weight=4054 3856 1134 198 2722 2681 1090 336 754 712 855 187 149 726
internal_count=3734 3632 1013 102 2619 2587 991 281 710 682 824 134 147 698
is_linear=0
shrinkage=0.05


Tree=17
num_leaves=15
num_cat=0
split_feature=85 85 47 91 47 94 85 91 13 91 48 176 153 91
split_gain=110.915 21.9084 10.3194 6.45451 5.7226 3.31783 1.77407 1.60714 1.39946 0.786752 0.627315 0.532943 1.09461 0.517951
threshold=1.3800000000000001 0.39500000000000007 1.8050000000000004 0.27500000000000019 0.52500000000000013 0.64833333333333343 0.22500000000000003 -0.099999999999999908 30.500000000000004 0.040000000000000029 0.22500000000000003 43.09791666666667 45.69166666666667 -0.02999999999999994
decision_type=10 10 2 10 2 10 10 10 2 10 2 2 2 10
left_child=1 4 -2 5 6 9 -1 -7 -9 13 -10 12 -8 -3
right_child=2 3 -4 -5 -6 7 11 8 10 -11 -12 -13 -14 -15
leaf_value=-0.0076312533378456188 0.020353608152104751 -0.0037614293860930674 0.042448875075206165 0.021048368478105182 0.01266933460137807 -0.0023320164467440919 -0.0053826721850782633 0.0029937258729508661 0.006953373812543958 0.0037723726321802487 0.013114308135583997 -0.0053219219789347174 0.0044802626086906955 -0.00036918819480673249
leaf_weight=1337 90 133 128 42 40 60 78 144 92 101 75 1022 44 731
leaf_count=1296 54 129 60 24 29 56 75 141 65 87 44 982 40 707
internal_value=-0.00138045 -0.003321 0.033327 0.00174844 -0.006092 0.00114171 -0.00639448 0.00516027 0.00660572 -0.000403251 0.00972026 -0.00494906 -0.00182555 -0.000891373
internal_weight=4117 3899 218 1378 2521 1336 2481 371 311 965 167 1144 122 864
internal_count=3789 3675 114 1253 2422 1229 2393 306 250 923 109 1097 115 836
is_linear=0
shrinkage=0.05


Tree=18
num_leaves=15
num_cat=0
split_feature=47 86 98 86 91 93 96 86 92 165 88 92 55 62
split_gain=96.8374 26.3259 13.5162 6.62839 3.50731 3.26648 1.34656 1.2023 0.934182 0.775818 0.754996 0.61547 0.512302 0.744382
threshold=1.9750000000000003 0.56500000000000006 2.7787500000000009 0.31500000000000006 -0.215 0.52500000000000013 0.88333333333333341 0.19500000000000003 0.20500000000000004 42.250000000000007 0.42500000000000004 -1.0000000180025095e-35 1.0000000180025095e-35 0.12456886825645604
decision_type=2 10 2 10 8 10 2 8 10 2 10 10 2 2
left_child=1 3 4 7 -3 6 12 -1 10 -9 -5 -8 -6 -14
right_child=-2 2 -4 8 5 -7 11 9 -10 -11 -12 -13 13 -15
leaf_value=-0.0077144841669354123 0.038075883772224192 -0.009486301046457481 0.031649361147234843 -0.0034347437662648715 0.0015114249302680745 0.018252773223106155 0.0049912968796413789 0.00048370055176995014 0.0053615037993424474 -0.0056048441289367375 -0.00081763050561889947 0.011719218456604775 0.0025653534085096101 0.010767989746472311
leaf_weight=961 150 44 48 498 288 44 67 55 45 1074 617 69 81 42
leaf_count=925 71 40 24 482 280 25 51 49 37 1031 598 34 76 30
internal_value=-0.00135334 -0.00285712 0.00606629 -0.00473241 0.00413245 0.00514637 0.00409211 -0.00641465 -0.00170148 -0.00530824 -0.00198653 0.00840473 0.00266506 0.00536625
internal_weight=4083 3933 683 3250 635 591 547 2090 1160 1129 1115 136 411 123
internal_count=3753 3682 560 3122 536 496 471 2005 1117 1080 1080 85 386 106
is_linear=0
shrinkage=0.05


Tree=19
num_leaves=15
num_cat=0
split_feature=85 85 91 85 100 91 19 56 58 48 91 88 85 100
split_gain=116.65 20.5105 7.96085 4.70113 2.43803 1.99707 1.82761 1.78792 1.18959 1.05032 0.746906 0.713678 0.623903 0.605353
threshold=1.8200000000000003 0.50500000000000012 0.20499999999999999 0.28500000000000009 0.67145833333333349 -0.050000000000000024 27.500000000000004 0.18500000000000008 0.15005553499458071 0.8650000000000001 -0.014999999999999956 0.40500000000000008 0.18500000000000003 0.6937500000000002
decision_type=10 10 10 10 2 8 2 2 2 2 10 10 8 2
left_child=1 3 4 7 10 -2 13 12 11 -8 -3 -5 -1 -6
right_child=5 2 -4 8 6 -7 9 -9 -10 -11 -12 -13 -14 -15
leaf_value=-0.0074756391380588318 0.032184579303941217 -0.0020646107810134481 0.022354648692999038 -0.003705280583406044 0.0047315315324813131 0.042909230731782461 0.0067780595151431299 0.0032106239215603898 0.0061834303912580322 0.014773785459646395 0.0020773898132914761 -0.0011781499602156735 -0.0056357339997044559 -0.0033097795792855324
leaf_weight=839 74 159 56 580 50 105 118 49 41 63 345 539 1022 44
leaf_count=811 39 152 28 556 49 52 83 43 34 32 322 525 982 40
internal_value=-0.00099317 -0.00280236 0.00414586 -0.00469219 0.00283688 0.0384756 0.00662366 -0.006217 -0.00218152 0.0095611 0.000770687 -0.00248801 -0.00646522 0.000967514
internal_weight=4084 3905 835 3070 779 179 275 1910 1160 181 504 1119 1861 94
internal_count=3748 3657 706 2951 678 91 204 1836 1115 115 474 1081 1793 89
is_linear=0
shrinkage=0.05


Tree=20
num_leaves=15
num_cat=0
split_feature=47 85 101 85 170 93 100 21 54 93 96 85 92 47
split_gain=104.357 22.8406 13.5063 4.57037 3.2561 2.62876 1.41036 1.04586 0.794749 0.698291 0.653902 0.532115 0.443225 0.356654
threshold=1.8050000000000004 0.52500000000000013 1.3803035793220904 0.28500000000000009 47.916666666666679 0.6150000000000001 0.67145833333333349 29.916666666666668 -0.064999999999999988 0.16500000000000001 0.37000000000000016 0.16500000000000004 -1.0000000180025095e-35 0.47500000000000003
decision_type=2 10 2 10 2 10 2 2 2 10 2 8 8 2
left_child=1 3 5 11 -2 6 8 12 -3 10 -5 -1 -8 -10
right_child=4 2 -4 9 -6 -7 7 -9 13 -11 -12 -13 -14 -15
leaf_value=-0.0075078363422680346 0.029982954851136757 -0.0053421910301646378 0.028729372732341291 -0.0039977716860296426 0.043551567266153737 0.014915254072878848 -0.0027800885937176649 0.008017614951213484 0.00092881341335823264 0.0041843575561737144 -0.0015310064187828145 -0.0056528135591722272 0.0045740978703612371 0.0055042409653348542
leaf_weight=545 91 48 55 430 86 44 40 149 378 41 716 1330 42 48
leaf_count=531 43 46 30 412 39 26 40 96 363 33 697 1279 40 38
internal_value=-0.000966862 -0.0026857 0.00481442 -0.00465503 0.0365756 0.00305831 0.0023183 0.00552179 0.000757109 -0.0022272 -0.00245658 -0.00619201 0.00098669 0.00144435
internal_weight=4043 3866 804 3062 177 749 705 231 474 1187 1146 1875 82 426
internal_count=3713 3631 679 2952 82 649 623 176 447 1142 1109 1810 80 401
is_linear=0
shrinkage=0.05


Tree=21
num_leaves=15
num_cat=0
split_feature=85 92 85 94 47 91 85 98 64 58 91 67 92 47
split_gain=93.731 20.3613 13.803 2.70673 2.41273 1.57501 1.68101 1.17256 0.992151 0.641614 0.468456 0.456352 0.497972 0.393225
threshold=1.9700000000000002 0.55500000000000016 0.38500000000000006 0.56166666666666687 2.6750000000000003 -0.215 0.76500000000000012 0.25958333333333344 0.46436003598020231 0.12342339054382873 -0.019999999999999973 3.4650000000000003 -0.019999999999999931 0.15500000000000003
decision_type=10 10 10 10 2 8 10 2 2 2 10 2 10 2
left_child=1 2 7 10 -2 -5 11 -1 -8 -9 -4 -7 -13 -12
right_child=4 -3 3 5 -6 6 8 9 -10 -11 13 12 -14 -15
leaf_value=-0.0060140115080148616 0.030407787335027633 0.026150757672845346 -0.0036639583544015434 -0.0056437933980222708 0.042816791115271882 0.0063868600642308596 0.0053385603960538121 -0.0039907732387917828 0.013041751456418725 0.002512472027447075 -0.000966762630048359 -0.00088614332104505538 0.0031347917652138598 0.0021499692058716941
leaf_weight=1653 75 61 132 44 82 58 114 732 66 40 571 126 198 123
leaf_count=1595 42 32 127 37 39 49 78 706 37 34 556 124 188 112
internal_value=-0.000992852 -0.00251083 -0.00296412 0.000928268 0.0368889 0.00346617 0.0041794 -0.00526264 0.00816306 -0.00365382 -0.000933678 0.00230228 0.00157109 -0.000414374
internal_weight=4075 3918 3857 1432 157 606 562 2425 180 772 826 382 324 694
internal_count=3756 3675 3643 1308 81 513 476 2335 115 740 795 361 312 668
is_linear=0
shrinkage=0.05


Tree=22
num_leaves=15
num_cat=0
split_feature=85 47 85 47 176 61 91 91 85 85 17 58 91 53
split_gain=103.783 26.0838 11.9505 3.60157 1.81544 1.54298 1.47202 1.23405 1.14294 0.639142 0.616218 0.399429 0.351077 0.42714
threshold=2.2950000000000004 1.905 0.37500000000000006 0.39500000000000007 49.60625000000001 1.1650000000000003 -0.215 0.090000000000000066 0.22500000000000003 0.54500000000000015 -22.499999999999996 0.023094010766659578 -0.029999999999999982 0.52500000000000013
decision_type=10 2 10 2 2 2 8 10 10 10 2 2 10 2
left_child=1 2 8 4 6 7 -4 -5 -1 -8 -10 -11 -12 -14
right_child=-2 -3 3 5 -6 -7 9 -9 10 11 12 -13 13 -15
leaf_value=-0.0059497990025521265 0.040746135213251773 0.029356595431454482 -0.010263205588250082 0.0013539078136489803 0.0069215651500062689 0.012906967279058499 -0.0014260148028451352 0.0097735999463756957 0.00083284704802174354 0.0018959289422466902 -0.0070648458589696221 -0.0025487322680896422 -0.0040494309996620204 0.00070097238291054974
leaf_weight=1357 145 64 41 146 78 61 773 62 68 295 90 61 883 50
leaf_count=1313 71 30 37 128 48 33 752 40 62 287 85 59 844 48
internal_value=-0.000813393 -0.00230908 -0.0028202 0.00066682 -0.000464257 0.00591434 -0.000956645 0.00386362 -0.00498108 -0.000618674 -0.00377617 0.00113434 -0.00408254 -0.00379485
internal_weight=4174 4029 3965 1517 1248 269 1170 208 2448 1129 1091 356 1023 933
internal_count=3837 3766 3736 1384 1183 201 1135 168 2352 1098 1039 346 977 892
is_linear=0
shrinkage=0.05


Tree=23
num_leaves=15
num_cat=0
split_feature=85 92 85 47 85 85 24 85 97 58 93 83 160 85
split_gain=98.2475 18.8015 11.7804 4.07778 2.11065 1.66387 1.21918 0.747088 0.861692 0.57279 0.528411 0.328208 0.323053 0.305238
threshold=1.8200000000000003 0.55500000000000016 0.43500000000000005 2.8350000000000004 0.88500000000000012 0.24500000000000002 12.590726264739494 0.55500000000000016 0.16931725638313011 0.1400000000000001 0.12500000000000008 0.25516174419108778 48.050000000000004 0.33500000000000008
decision_type=10 10 10 2 10 10 2 8 10 2 10 2 2 10
left_child=1 2 5 -2 7 -1 -6 11 10 13 12 -4 -9 -7
right_child=3 -3 4 -5 6 9 -8 8 -10 -11 -12 -13 -14 -15
leaf_value=-0.0055335112011863008 0.028297597967255651 0.026031362991137754 -0.00094247398514143608 0.04347620813006705 0.0016381223590355622 -0.003998256390613894 0.010119320692881795 0.0012902702894060773 -0.0043077068518540089 0.0021532910131831086 0.0062254090552839141 0.0036002005176986895 0.006040252202968454 -0.0023138230043267343
leaf_weight=1566 89 58 528 88 73 620 101 282 47 51 90 43 41 475
leaf_count=1512 50 30 508 42 47 593 54 276 42 42 73 41 36 461
internal_value=-0.000604838 -0.00222784 -0.00264628 0.035844 0.00146734 -0.00447406 0.00656112 0.000607676 0.00210724 -0.00302632 0.00283727 -0.000600381 0.00189321 -0.00326757
internal_weight=4152 3975 3917 177 1205 2712 174 1031 460 1146 413 571 323 1095
internal_count=3807 3715 3685 92 1077 2608 101 976 427 1096 385 549 312 1054
is_linear=0
shrinkage=0.05


Tree=24
num_leaves=15
num_cat=0
split_feature=85 47 85 47 93 138 162 97 85 94 150 100 79 66
split_gain=92.7014 15.3516 9.07861 1.64509 1.95422 1.62323 1.50544 1.18737 0.848498 0.714177 0.404839 0.315668 0.419487 1.17716
threshold=1.9700000000000002 1.0100000000000002 0.37500000000000006 0.39500000000000007 0.29499999999999998 0.056339285714285724 48.45000000000001 0.22796198091435335 0.18500000000000003 0.59500000000000008 0.59999999999999798 0.28145833333333342 0.15088625608145942 3.7650000000000001
decision_type=10 2 10 2 10 10 2 10 8 10 10 2 2 2
left_child=1 2 8 6 10 -2 7 9 -1 -4 -5 -10 -13 -14
right_child=5 -3 3 4 -6 -7 -8 -9 11 -11 -12 12 13 -15
leaf_value=-0.005907761659473181 0.031754716485738757 0.015223302123159532 -0.0012290165573362202 -0.00020404797640984952 0.012309950972297069 0.041830208782966324 0.0054428418452984522 -0.0092822506796801461 -0.0044887143791212799 0.0018687518498210676 0.0050212918343676034 -0.0036624896074376754 -0.0043711948461298434 0.0059940726392152203
leaf_weight=815 82 123 794 106 58 78 105 40 959 243 57 503 70 45
leaf_count=791 43 64 769 96 37 39 77 38 917 238 45 487 68 39
internal_value=-0.000638018 -0.00216143 -0.00272489 0.000468309 0.00442788 0.0366665 -0.000272017 -0.000829176 -0.00459782 -0.000503117 0.00162322 -0.00392084 -0.00303962 -0.000315221
internal_weight=4078 3918 3795 1403 221 160 1182 1077 2392 1037 163 1577 618 115
internal_count=3748 3666 3602 1300 178 82 1122 1045 2302 1007 141 1511 594 107
is_linear=0
shrinkage=0.05


Tree=25
num_leaves=15
num_cat=0
split_feature=85 47 85 93 172 95 87 85 17 93 85 53 166 90
split_gain=92.3531 21.8021 8.27965 1.56043 1.60197 0.982118 0.899361 0.844711 0.771547 0.701464 0.2808 0.27736 0.353206 0.272406
threshold=2.2950000000000004 1.0100000000000002 0.37500000000000006 0.54000000000000015 48.358333333333341 0.27049200088667563 0.53500000000000014 0.23500000000000001 -19.499999999999996 0.12500000000000008 0.13500000000000004 0.095000000000000015 47.350000000000001 0.43500000000000005
decision_type=10 2 10 10 2 10 10 8 2 10 10 2 2 10
left_child=1 2 7 4 5 6 13 10 -9 11 -1 12 -8 -4
right_child=-2 -3 3 -5 -6 -7 9 8 -10 -11 -12 -13 -14 -15
leaf_value=-0.0068281453212394429 0.038843525093177268 0.016595039244801289 -0.0021120933447243508 0.01022467589005828 0.0056520584026228298 -0.0073412643357490502 0.00097838307690254248 0.0023994218566101688 -0.003550527253075256 0.0068149252200767523 -0.0048237666332754123 -0.0017237377394211492 0.006014048089091375 -0.00021478683508658345
leaf_weight=204 145 155 352 40 123 48 269 58 899 59 1218 77 40 409
leaf_count=196 72 79 344 24 89 40 263 53 866 50 1180 75 35 388
internal_value=-0.000347388 -0.00178568 -0.00253621 0.000489488 0.000206694 -0.000327421 -4.82628e-05 -0.0043384 -0.00318992 0.0017373 -0.00511131 0.00096119 0.00163025 -0.00109238
internal_weight=4096 3951 3796 1417 1377 1254 1206 2379 957 445 1422 386 309 761
internal_count=3754 3682 3603 1308 1284 1195 1155 2295 919 423 1376 373 298 732
is_linear=0
shrinkage=0.05


Tree=26
num_leaves=15
num_cat=0
split_feature=85 92 85 54 166 91 61 85 96 55 172 91 85 85
split_gain=90.4382 16.3872 8.74807 2.63758 2.24917 1.48908 1.79652 0.815717 0.813634 0.517519 0.404953 0.358955 0.291779 0.216298
threshold=1.9700000000000002 0.55500000000000016 0.39500000000000007 -0.014999999999999956 48.550000000000004 -0.26999999999999974 1.1650000000000003 0.20500000000000004 0.52583333333333371 0.20500000000000004 47.608333333333341 0.030000000000000009 0.28500000000000009 0.15500000000000003
decision_type=10 10 10 2 2 8 2 8 2 2 2 10 10 10
left_child=1 2 7 -2 5 -4 8 13 11 12 -10 -7 -9 -1
right_child=3 -3 4 -5 -6 6 -8 9 10 -11 -12 -13 -14 -15
leaf_value=-0.005936123734887909 0.02966122040642968 0.024699938852797476 -0.0091639458585996182 0.042424964186656908 0.0078162285293812365 -0.0014526334129551042 0.0094703132354400383 -0.0040229228848041015 0.0010741367985121317 0.002225789008107746 0.0048481365840416409 0.0019540605076730977 -0.002541783560994024 -0.00450537343503491
leaf_weight=425 79 57 40 83 109 549 55 802 434 42 85 90 568 698
leaf_count=412 41 29 34 42 71 536 31 766 414 35 70 77 550 676
internal_value=-0.000415189 -0.00191538 -0.00230468 0.0362007 0.00092725 0.00032797 0.000640976 -0.00404112 0.000221621 -0.00324124 0.00169223 -0.000972817 -0.00340884 -0.00504684
internal_weight=4116 3954 3897 162 1362 1253 1213 2535 1158 1412 519 639 1370 1123
internal_count=3784 3701 3672 83 1233 1162 1128 2439 1097 1351 484 613 1316 1088
is_linear=0
shrinkage=0.05


Tree=27
num_leaves=15
num_cat=0
split_feature=85 47 85 91 94 91 85 155 160 97 157 24 91 15
split_gain=79.962 18.6725 6.91676 1.34957 1.94921 1.3659 0.681073 0.529391 0.500231 0.443418 0.406613 1.36336 0.302791 0.280514
threshold=2.2950000000000004 1.175 0.38500000000000006 -0.3000000000000001 0.59833333333333349 0.040000000000000029 0.22500000000000003 52.608333333333341 48.350000000000001 0.22796198091435335 46.58333333333335 7.0514881249529004 -0.029999999999999982 48.500000000000007
decision_type=10 2 10 8 10 10 8 2 2 10 2 2 8 2
left_child=1 2 6 -4 8 7 -1 9 -5 13 11 -8 -12 -6
right_child=-2 -3 3 4 5 -7 10 -9 -10 -11 12 -13 -14 -15
leaf_value=-0.0046169393990716243 0.036703052049410261 0.017032223957895231 -0.0084043034727162708 -0.00084650263645540786 0.0011781544317785216 0.010470465846927995 -0.0039784670176478912 0.0048851499834979351 0.0048073678107069043 -0.0036090131813017209 -0.0059607016444696414 0.0072112722489869278 -0.0029948289749889912 0.005618115006621148
leaf_weight=1318 141 130 41 854 206 59 81 140 41 42 95 41 914 43
leaf_count=1272 70 66 36 822 202 40 77 101 34 39 91 36 874 36
internal_value=-0.000304378 -0.00160726 -0.00223259 0.000535758 0.00080041 0.00333547 -0.00384453 0.00235875 -0.000587499 0.0011433 -0.00294442 -0.000217981 -0.00327407 0.00194489
internal_weight=4146 4005 3875 1426 1385 490 2449 431 895 291 1131 122 1009 249
internal_count=3796 3726 3660 1310 1274 418 2350 378 856 277 1078 113 965 238
is_linear=0
shrinkage=0.05


Tree=28
num_leaves=15
num_cat=0
split_feature=85 47 85 47 62 97 60 94 85 17 75 87 85 92
split_gain=83.4109 15.8141 7.09186 1.56387 1.69992 1.3198 1.12794 0.985308 0.915838 0.71212 0.457241 0.306291 0.254414 0.198016
threshold=2.2950000000000004 1.905 0.41500000000000004 0.39500000000000007 0.80719451377528728 0.25479373219119106 0.11083018413348161 0.64166666666666694 0.24500000000000002 -21.499999999999996 -0.039999999999999807 0.75500000000000012 0.15500000000000003 -0.024999999999999908
decision_type=10 2 10 2 2 10 2 10 10 2 2 10 8 10
left_child=1 2 8 5 6 7 -5 -4 12 -10 -8 -9 -1 -11
right_child=-2 -3 3 4 -6 -7 10 11 9 13 -12 -13 -14 -15
leaf_value=-0.0053267577770207313 0.037339541399982613 0.023815638247566922 -0.00048304212597886811 0.0082995126623115669 0.011788067566546595 -0.0083467142340830636 -0.0033059030909190637 0.0016318730726895523 0.0027633722383706345 -0.0043487099741932574 0.0022026769398507894 0.0051629541215557117 -0.003926331172050903 -0.0023970949497102417
leaf_weight=452 142 60 773 56 59 45 62 146 63 157 96 106 1148 755
leaf_count=439 70 29 745 46 31 41 51 146 55 153 73 74 1109 722
internal_value=-0.000315325 -0.00165947 -0.00204959 0.000895974 0.00427385 3.41429e-05 0.00220217 0.000402083 -0.00358586 -0.00237791 4.10822e-05 0.00311717 -0.00432195 -0.00273306
internal_weight=4120 3978 3918 1343 273 1070 214 1025 2575 975 158 252 1600 912
internal_count=3784 3714 3685 1207 201 1006 170 965 2478 930 124 220 1548 875
is_linear=0
shrinkage=0.05


Tree=29
num_leaves=15
num_cat=0
split_feature=85 47 96 47 83 97 146 16 98 173 85 75 95 87
split_gain=83.1802 19.4529 6.46891 2.15149 1.69765 1.25654 1.11004 0.985476 0.95133 0.708606 0.53473 0.388449 0.312623 0.28023
threshold=2.2950000000000004 1.9750000000000003 0.41000000000000009 0.39500000000000007 0.23946705468800469 0.16383417986543078 54.350000000000001 -2.4999999999999996 0.26125000000000004 0.77899507180058281 0.56500000000000006 -0.014999999999999901 0.25468851256971575 0.75500000000000012
decision_type=10 2 2 2 2 10 10 2 2 2 10 2 10 10
left_child=1 2 8 5 7 6 10 -5 -1 -10 -4 -9 -7 -12
right_child=-2 -3 3 4 -6 12 -8 11 9 -11 13 -13 -14 -15
leaf_value=-0.0040819548978574833 0.03679225875215756 0.024364578403118585 -0.00082899140370257674 0.0080169181688688699 0.01181605679897197 -0.0031116143236697719 0.0059255610431644653 -0.0027295380876567522 -0.0023807800053780998 0.0036531059635588185 0.0010898450975247666 0.0026762981698146629 -0.0085032899421639743 0.0053707922653605548
leaf_weight=1670 148 72 637 58 67 82 86 61 757 52 254 73 40 45
leaf_count=1615 73 34 622 38 45 78 62 47 724 47 247 53 38 33
internal_value=-9.59815e-06 -0.00138711 -0.00186473 0.000848381 0.00496342 -8.32578e-05 0.000489273 0.00257213 -0.00340022 -0.00199294 -1.0215e-05 0.000215432 -0.00487938 0.00173413
internal_weight=4102 3954 3882 1403 259 1144 1022 192 2479 809 936 134 122 299
internal_count=3756 3683 3649 1263 183 1080 964 138 2386 771 902 100 116 280
is_linear=0
shrinkage=0.05


Tree=30
num_leaves=15
num_cat=0
split_feature=85 47 85 47 83 97 62 172 85 96 56 19 141 85
split_gain=74.8464 17.207 5.87333 2.04229 1.67935 1.19966 1.0833 0.667561 0.581185 0.364329 0.357708 0.526303 0.338654 0.329436
threshold=2.2950000000000004 1.905 0.39500000000000007 0.39500000000000007 0.23946705468800469 0.25479373219119106 0.58085937663360909 48.625000000000007 0.16500000000000004 0.52583333333333371 0.059999999999999963 73.166666666666671 47.350000000000001 0.29500000000000004
decision_type=10 2 10 2 2 10 2 2 8 2 2 2 10 10
left_child=1 2 8 5 6 7 12 9 -1 -4 13 -12 -5 -10
right_child=-2 -3 3 4 -6 -7 -8 -9 10 -11 11 -13 -14 -15
leaf_value=-0.0047266864593928822 0.035038924441762168 0.024721541147558923 -0.0010058978923724023 -0.002907982528038127 0.011697440806668825 -0.0075681081764252247 0.0079940872280032296 0.0041865886645003538 -0.0035273989028853144 0.0009662026481436853 -0.0021063627614114873 0.0041843377280747522 0.0020617107900677166 -0.0019808690505290524
leaf_weight=533 146 62 563 57 65 52 62 96 1288 401 197 40 86 470
leaf_count=516 73 29 549 50 44 47 36 66 1242 390 188 33 71 451
internal_value=-0.00012039 -0.00141275 -0.00182716 0.000793789 0.00469452 -0.000153329 0.00247408 0.000210414 -0.00325997 -0.000185553 -0.00286811 -0.00104464 8.07841e-05 -0.00311394
internal_weight=4118 3972 3910 1382 270 1112 205 1060 2528 964 1995 237 143 1758
internal_count=3785 3712 3683 1253 201 1052 157 1005 2430 939 1914 221 121 1693
is_linear=0
shrinkage=0.05


Tree=31
num_leaves=15
num_cat=0
split_feature=85 91 85 91 50 87 85 141 91 92 79 166 85 56
split_gain=73.7523 16.9177 6.01381 2.22756 2.82001 1.12183 1.06696 0.911291 0.428689 0.370775 0.355646 0.291038 0.274899 0.253496
threshold=2.2950000000000004 0.42500000000000004 0.48500000000000004 -0.25499999999999989 1.3100000000000003 0.27500000000000008 0.76500000000000012 53.95000000000001 -0.019999999999999931 -0.014999999999999956 0.11273123194456149 43.750000000000007 0.13500000000000004 0.059999999999999963
decision_type=10 10 10 10 2 10 10 10 10 10 2 2 8 2
left_child=1 2 5 -4 6 12 8 9 -5 -7 -8 -10 -1 -11
right_child=-2 -3 3 4 -6 7 10 -9 11 13 -12 -13 -14 -15
leaf_value=-0.0053005228939791479 0.036251779560137677 0.026730946071867673 -0.0077879448698287643 -0.0018710996111187695 0.01288910728989769 -0.0032564289200676857 0.0065254725596951479 0.0045764534672918288 0.00480867080337737 -0.001601582419044996 0.0018496317338564845 0.00090430969677375594 -0.0033738094908011512 0.001353829196603151
leaf_weight=209 135 53 58 134 59 346 122 57 53 630 61 480 1621 82
leaf_count=201 68 28 47 131 31 337 75 51 48 604 46 453 1564 73
internal_value=-9.12149e-05 -0.00132862 -0.00170877 0.0017124 0.00231858 -0.00283212 0.00158487 -0.00158193 0.000656973 -0.00191371 0.00496686 0.00129255 -0.00359385 -0.00126121
internal_weight=4100 3965 3912 967 909 2945 850 1115 667 1058 183 533 1830 712
internal_count=3757 3689 3661 831 784 2830 753 1065 632 1014 121 501 1765 677
is_linear=0
shrinkage=0.05


Tree=32
num_leaves=15
num_cat=0
split_feature=94 47 88 47 146 93 146 96 90 74 90 14 82 25
split_gain=68.0456 12.5464 4.57193 1.54848 1.12326 0.881067 0.990959 0.637648 0.481146 0.296883 0.674083 0.244831 0.358094 0.239951
threshold=1.9600000000000002 1.9750000000000003 0.35500000000000004 0.91500000000000015 54.350000000000001 -0.049999999999999954 45.050000000000004 0.63583333333333381 0.19500000000000003 0.17500000000000007 0.47500000000000003 104.50000000000001 3.7514583333333342 34.770833333333336
decision_type=10 2 10 2 10 10 10 2 8 2 10 2 2 2
left_child=1 2 8 4 5 -4 -7 -8 -1 11 -11 -10 -13 -9
right_child=-2 -3 3 -5 -6 6 7 13 9 10 -12 12 -14 -15
leaf_value=-0.0039339890925186539 0.03245032786256484 0.023318334186778353 -0.002450021986753979 0.0068697671965299847 0.0054662272281777325 0.0076563167487943761 -0.0005325057960922111 0.0011955889361307793 -0.0029339740053683189 -0.0025138826324897293 0.0051999650563811887 -0.0030151356616093276 0.003233947517015267 0.0046946779026504019
leaf_weight=969 155 51 364 87 89 45 839 124 1078 97 40 52 41 81
leaf_count=928 77 23 354 48 65 39 797 123 1040 92 35 49 35 58
internal_value=-4.79638e-05 -0.00132096 -0.00164267 0.000379767 1.35993e-05 -0.000320388 0.000391445 7.83042e-05 -0.00308955 -0.00246397 -0.000261664 -0.00272162 -0.000260164 0.00257816
internal_weight=4112 3957 3906 1629 1542 1453 1089 1044 2277 1308 137 1171 93 205
internal_count=3763 3686 3663 1484 1436 1371 1017 978 2179 1251 127 1124 84 181
is_linear=0
shrinkage=0.05


Tree=33
num_leaves=15
num_cat=0
split_feature=85 91 85 47 91 52 150 90 146 56 14 90 85 91
split_gain=75.8125 13.9339 3.93929 1.78763 0.88378 0.706264 0.671228 0.526279 0.48719 0.472158 0.958041 0.404448 0.43701 0.243948
threshold=2.2950000000000004 0.42500000000000004 0.46500000000000002 1.6050000000000002 -0.29499999999999987 0.95500000000000007 3.7999999999999994 0.19500000000000003 54.350000000000001 0.059999999999999963 63.500000000000007 0.38500000000000006 0.84500000000000008 -0.029999999999999982
decision_type=10 10 10 2 8 2 10 8 10 2 2 10 10 10
left_child=1 2 6 4 -4 8 7 -1 11 13 -11 -6 -13 -9
right_child=-2 -3 3 -5 5 -7 -8 9 -10 10 -12 12 -14 -15
leaf_value=-0.0036454141176086095 0.035521929084227008 0.025771969733165302 -0.0059855906365841047 0.0093087490826534725 -0.0025249908796045931 0.0062178066589694938 0.0037380558177374486 -0.0047899751354836756 0.0043589536186741436 -0.0016041673154388774 0.0069866760820150378 0.00024407547781655532 0.005382816099485023 -0.002327897622902184
leaf_weight=969 145 47 51 60 125 56 41 108 73 172 40 693 44 1470
leaf_count=933 73 25 41 29 115 36 38 104 53 163 35 672 29 1425
internal_value=1.39386e-05 -0.00128985 -0.00161581 0.000916538 0.000433301 0.000763638 -0.00261247 -0.00270684 0.000436971 -0.00219876 1.67465e-05 0.000104831 0.000550866 -0.0024964
internal_weight=4094 3949 3902 1102 1042 991 2800 2759 935 1790 212 862 737 1578
internal_count=3771 3698 3673 975 946 905 2698 2660 869 1727 198 816 701 1529
is_linear=0
shrinkage=0.05


Tree=34
num_leaves=15
num_cat=0
split_feature=85 92 96 64 92 14 162 98 173 62 74 60 101 85
split_gain=74.1417 12.8207 4.27544 2.15083 0.700358 0.773595 0.621204 0.576222 0.462102 0.454868 0.445201 0.33052 0.270914 0.248941
threshold=2.2950000000000004 0.56500000000000017 0.43500000000000022 1.445837175035616 -0.18499999999999994 57.500000000000007 48.45000000000001 0.25958333333333344 0.83346665600161074 0.58085937663360909 -0.25499999999999984 0.0051639777948613531 0.22955019194407403 0.68500000000000016
decision_type=10 10 2 2 10 2 2 2 2 2 2 2 2 10
left_child=1 2 7 4 5 -4 9 -1 -9 10 -6 -8 13 -12
right_child=-2 -3 3 -5 6 -7 11 8 -10 -11 12 -13 -14 -15
leaf_value=-0.0031701632216742958 0.035638148757353633 0.021254308862493389 -0.005637352119471568 0.011276320169660419 0.0039191368413157767 0.0018069973364554085 0.0019741163355347729 -0.0019231278428759714 0.0026084297276490059 0.0047240716346035093 -0.00011051012484804152 0.0072760301747552634 -0.0027603158536421268 0.0028573418295458905
leaf_weight=1710 142 63 90 48 75 57 66 902 60 60 669 53 86 79
leaf_count=1647 70 33 84 31 63 44 43 867 54 41 647 38 78 73
internal_value=0.000131038 -0.00112382 -0.00148028 0.000892138 0.000488542 -0.00275077 0.000926206 -0.00261944 -0.00164049 0.000507524 0.000229204 0.00433547 -0.000102624 0.000202939
internal_weight=4160 4018 3955 1283 1235 147 1088 2672 962 969 909 119 834 748
internal_count=3813 3743 3710 1142 1111 128 983 2568 921 902 861 81 798 720
is_linear=0
shrinkage=0.05


Tree=35
num_leaves=15
num_cat=0
split_feature=85 47 87 57 146 92 87 125 91 99 57 58 89 97
split_gain=65.0091 10.4631 3.33565 1.21094 0.88239 0.671981 0.705584 0.852832 0.302938 0.531677 0.600525 0.289548 0.270406 0.221064
threshold=2.0500000000000003 1.8050000000000004 0.31500000000000006 1.4483333333333341 54.350000000000001 -0.37999999999999989 0.57500000000000007 0.055000000000000007 0.020000000000000014 0.056192304015264538 0.07666666666666716 0.020816659994714472 0.15500000000000003 0.16383417986543078
decision_type=10 2 10 2 10 10 10 10 10 2 2 2 8 10
left_child=1 2 12 4 5 -4 8 11 13 10 -10 -8 -1 -7
right_child=-2 -3 3 -5 -6 6 7 -9 9 -11 -12 -13 -14 -15
leaf_value=-0.0040032299530373058 0.033711495083095372 0.01755517158300093 -0.0050915791495778672 0.0076395476255200663 0.0047890889857765562 -0.0010446216053376955 0.0015954480447580449 0.0077521578213960232 0.00043574838491622359 -0.0023424967952046754 0.0080767122584802561 -0.0015654149751644583 -0.0026054311102192244 -0.0047962976134774023
leaf_weight=436 138 73 74 51 85 928 263 49 72 72 40 100 1676 41
leaf_count=423 70 34 65 27 64 905 244 34 68 67 33 86 1609 40
internal_value=-2.33874e-05 -0.001199 -0.00155121 4.651e-05 -0.00017811 -0.000435713 -0.000215564 0.00156048 -0.000850195 0.00100969 0.00316466 0.000724687 -0.00289399 -0.00120336
internal_weight=4098 3960 3887 1775 1724 1639 1565 412 1153 184 112 363 2112 969
internal_count=3769 3699 3665 1633 1606 1542 1477 364 1113 168 101 330 2032 945
is_linear=0
shrinkage=0.05


Tree=36
num_leaves=15
num_cat=0
split_feature=94 93 14 96 47 24 62 97 139 165 98 91 58 56
split_gain=52.2065 7.91442 6.38148 3.81033 1.63754 1.25312 1.39611 0.719358 0.672508 0.463691 0.450864 0.304464 0.289306 0.238907
threshold=1.9600000000000002 0.91000000000000014 37.500000000000007 0.43500000000000022 0.39500000000000007 15.06928413146599 0.54115327750515607 0.15862954191170262 0.0041485111699905257 50.750000000000007 0.25958333333333344 -0.040000000000000015 0.11547005383792765 -0.010000000000000004
decision_type=10 10 2 2 2 2 2 10 8 2 2 10 2 2
left_child=1 3 -2 10 7 8 -7 9 -6 13 -1 -12 -13 -5
right_child=2 -3 -4 4 5 6 -8 -9 -10 -11 11 12 -14 -15
leaf_value=-0.0029583511704269578 0.037733330832021995 0.020713953066208379 0.017756050593706257 -0.0012976106085100592 0.0042045496855075406 0.0032229792255384381 0.013265192770918253 -0.0036750519842855996 -0.0028343122333395654 0.0043253565100686894 -0.0055179038303012551 -0.0015827842186758466 0.0027667809103149922 0.00061332561951862657
leaf_weight=1669 82 41 78 226 71 80 61 122 65 70 47 864 40 592
leaf_count=1610 41 22 43 218 50 62 29 117 53 42 46 833 31 574
internal_value=-4.80807e-06 -0.00113953 0.0279944 -0.00136886 0.000859017 0.00426465 0.00756748 -7.50026e-05 0.000840388 0.000419599 -0.00246324 -0.00159432 -0.00139033 8.53652e-05
internal_weight=4108 3948 160 3907 1287 277 141 1010 136 888 2620 951 904 818
internal_count=3771 3687 84 3665 1145 194 91 951 103 834 2520 910 864 792
is_linear=0
shrinkage=0.05


Tree=37
num_leaves=15
num_cat=0
split_feature=85 92 87 48 92 47 59 88 70 93 86 54 141 87
split_gain=60.7012 10.4217 3.31592 1.82406 0.676263 0.577643 0.52883 0.476067 0.433925 0.499109 0.284444 0.281595 0.255195 0.222647
threshold=2.0500000000000003 0.84500000000000008 0.42500000000000004 1.2550000000000001 -0.029999999999999982 0.15500000000000003 0.3591666666666668 0.30500000000000005 3.4650000000000003 -0.3249999999999999 0.68500000000000016 0.060000000000000046 53.350000000000001 0.15500000000000003
decision_type=10 10 10 2 10 2 2 10 2 10 10 2 10 8
left_child=1 2 7 4 8 10 -7 13 -4 -10 -6 12 -9 -1
right_child=-2 -3 3 -5 5 6 -8 11 9 -11 -12 -13 -14 -15
leaf_value=-0.0036240895834382825 0.031459503981595242 0.024441499873064459 0.0022970669482674567 0.0081467618510403014 0.00010086833719578992 0.0077487634180780059 0.0015412346184478208 -0.0015905090747354595 -0.0063136978143787329 -0.0011975908696575941 0.0027537472430927534 0.0030157745842006988 0.0025426314485957847 -0.0023342870733178709
leaf_weight=427 150 40 64 81 566 58 84 563 60 232 123 40 40 1546
leaf_count=414 75 20 59 42 552 48 66 545 56 219 93 35 36 1483
internal_value=0.000243521 -0.000949751 -0.00121125 0.00088717 0.000391781 0.00117292 0.0040767 -0.00222837 -0.0014316 -0.00224885 0.000574459 -0.00104684 -0.00131634 -0.00261343
internal_weight=4074 3924 3884 1268 1187 831 142 2616 356 292 689 643 603 1973
internal_count=3743 3668 3648 1135 1093 759 114 2513 334 275 645 616 581 1897
is_linear=0
shrinkage=0.05


Tree=38
num_leaves=15
num_cat=0
split_feature=85 47 88 47 91 85 67 160 91 128 62 85 85 90
split_gain=62.7844 16.5227 2.6177 1.14198 1.05183 0.841165 0.690057 0.433927 0.341755 0.368222 0.282999 0.273633 0.265947 0.242504
threshold=2.7500000000000004 2.1200000000000006 0.35500000000000004 0.80500000000000016 -0.19999999999999998 0.58500000000000008 3.4850000000000008 48.350000000000001 0.030000000000000009 0.055000000000000007 0.15227566709056631 0.43500000000000005 0.17500000000000002 0.60500000000000009
decision_type=10 2 10 2 8 10 2 2 10 10 2 10 8 10
left_child=1 2 8 4 -4 7 -7 10 11 -10 -6 12 -1 -8
right_child=-2 -3 3 -5 5 6 13 -9 9 -11 -12 -13 -14 -15
leaf_value=-0.0032331564881585119 0.036355211001295504 0.022287941184875214 -0.0080084155041088411 0.0048997363477507119 -0.00046600430770619527 0.0073431357501935711 -0.00065051658831054803 0.0043487222248846337 -0.001962117805627973 0.0038350856794406559 -0.0026935602617599833 -0.006306010115709481 -0.0020270099145599319 0.0021173621140033322
leaf_weight=668 117 76 41 123 858 53 116 42 70 45 171 46 1447 249
leaf_count=646 58 35 38 72 834 43 109 35 66 38 163 44 1391 214
internal_value=0.000251638 -0.000803073 -0.00124973 0.000264663 -0.000107961 0.00010958 0.00201184 -0.000632852 -0.00234959 0.000306353 -0.000836181 -0.00249093 -0.00240796 0.00123771
internal_weight=4122 4005 3929 1653 1530 1489 418 1071 2276 115 1029 2161 2115 365
internal_count=3786 3728 3693 1508 1436 1398 366 1032 2185 104 997 2081 2037 323
is_linear=0
shrinkage=0.05


Tree=39
num_leaves=15
num_cat=0
split_feature=85 91 59 88 85 146 91 146 62 97 85 91 9 58
split_gain=53.9142 12.2192 3.6155 2.08222 0.845677 0.734883 0.542653 0.745639 0.398268 0.324961 0.366556 0.392396 0.255348 0.245183
threshold=3.2700000000000005 0.42500000000000004 2.1783333333333341 0.35500000000000004 0.6150000000000001 54.350000000000001 0.01499999999999996 46.95000000000001 0.25625728183874796 0.36280558525467271 0.64500000000000013 -0.060000000000000019 133.50000000000003 0.092013778484630507
decision_type=10 10 2 10 10 10 10 10 2 10 10 10 2 2
left_child=1 2 3 4 8 6 9 -8 12 10 11 -5 -1 -9
right_child=-2 -3 -4 5 -6 -7 7 13 -10 -11 -12 -13 -14 -15
leaf_value=-0.0023605919345945298 0.03788320775062818 0.024240110746662446 0.01135963131127299 -0.0052415766705739865 -0.0093201510821624353 0.0045928025211426707 0.0071330793624752604 0.0013944257504153335 0.0027235940478886932 -0.0039284527616601601 0.0013561300393882451 -0.00064219617770998739 0.00037344401673507997 -0.0026250854870037681
leaf_weight=2112 92 48 57 49 42 85 53 181 41 71 227 865 89 48
leaf_count=2046 45 26 30 49 35 65 40 162 37 60 201 839 72 39
internal_value=4.32462e-05 -0.000834092 -0.00114112 -0.00132558 -0.00229077 7.05591e-05 -0.000186731 0.00178879 -0.00215908 -0.000646382 -0.000442152 -0.000888771 -0.00225004 0.000551908
internal_weight=4060 3968 3920 3863 2284 1579 1494 282 2242 1212 1141 914 2201 229
internal_count=3746 3701 3675 3645 2190 1455 1390 241 2155 1149 1089 888 2118 201
is_linear=0
shrinkage=0.05


Tree=40
num_leaves=15
num_cat=0
split_feature=85 92 61 88 85 93 57 56 92 146 22 88 91 87
split_gain=52.7312 9.70431 4.54036 1.71842 0.968542 0.775978 0.714623 0.461243 0.404614 0.339892 0.291583 0.26292 0.206047 0.193847
threshold=3.2700000000000005 0.99500000000000011 2.4791666666666674 0.43500000000000005 1.2450000000000003 0.12500000000000008 0.59666666666666701 0.36500000000000016 -0.35499999999999993 54.350000000000001 38.216266245783167 0.20500000000000004 -0.049999999999999989 0.82500000000000007
decision_type=10 10 2 10 10 10 2 2 10 10 2 10 8 10
left_child=1 2 3 6 5 8 7 10 -5 13 11 -1 -13 -10
right_child=-2 -3 -4 4 -6 -7 -8 -9 9 -11 -12 12 -14 -15
leaf_value=-0.0026552065320532368 0.035399580775823412 0.022792421464353455 0.013447265116111287 -0.0040327698990170451 -0.0073955626948736617 0.0044955277998474435 -0.0081758670255784767 0.0032463753541801563 -0.00013794107166223901 0.0034612162406847352 0.00092272420519120288 -0.0043715391870444787 -0.0014893475506176925 0.0025610684861830024
leaf_weight=1091 103 43 53 56 40 111 46 43 875 80 84 65 1348 72
leaf_count=1058 52 23 25 52 26 79 40 35 854 56 70 64 1303 47
internal_value=7.52482e-05 -0.000832764 -0.00108904 -0.00128603 0.000257651 0.00051404 -0.00199761 -0.00188959 0.000105966 0.000331641 -0.00197493 -0.00207213 -0.00162193 6.72635e-05
internal_weight=4110 4007 3964 3911 1234 1194 2677 2631 1083 1027 2588 2504 1413 947
internal_count=3784 3732 3709 3684 1114 1088 2570 2530 1009 957 2495 2425 1367 901
is_linear=0
shrinkage=0.05


Tree=41
num_leaves=15
num_cat=0
split_feature=85 91 61 98 95 50 146 54 93 58 94 58 18 58
split_gain=56.3348 15.1504 4.13022 1.87378 1.40441 1.73409 0.629193 0.562725 0.342176 0.284115 0.277252 0.290496 0.24209 0.240914
threshold=3.2700000000000005 0.48500000000000004 2.4791666666666674 0.36208333333333337 0.46095822290446314 0.9850000000000001 54.350000000000001 0.12499999999999997 -0.26499999999999996 0.19113677014781091 0.45500000000000002 0.23459184413211059 105.50000000000001 0.11532562594661393
decision_type=10 10 2 2 10 2 10 2 10 2 10 2 2 2
left_child=1 2 3 9 5 6 7 8 -5 12 -10 13 -1 -12
right_child=-2 -3 -4 4 -6 -7 -8 -9 10 -11 11 -13 -14 -15
leaf_value=-0.0021680287389089095 0.036519090700007625 0.027346773278259209 0.014322529013522649 -0.0028888580381288193 -0.0083421028318240286 0.0076997021948885126 0.0040265559822883204 0.0046337691360506519 -0.0011954385157157547 0.0020535440616575736 0.00037512357234578198 -0.0037947125651407992 0.0017572215385735037 0.0043534781836206092
leaf_weight=2185 105 48 44 125 47 78 94 58 424 42 782 40 40 40
leaf_count=2117 52 24 20 120 40 49 69 39 413 35 746 28 24 35
internal_value=0.000361323 -0.000576796 -0.000911962 -0.00108145 0.000179785 0.000423861 6.07671e-05 -0.000193 -0.000391407 -0.00202056 -0.000148654 0.000366238 -0.00209746 0.000568717
internal_weight=4152 4047 3999 3955 1688 1641 1563 1469 1411 2267 1286 862 2225 822
internal_count=3811 3759 3735 3715 1539 1499 1450 1381 1342 2176 1222 809 2141 781
is_linear=0
shrinkage=0.05


Tree=42
num_leaves=15
num_cat=0
split_feature=85 91 53 87 91 9 166 17 85 164 56 77 87 74
split_gain=54.7858 8.76004 1.87528 1.41542 0.950945 0.844525 0.819562 1.13444 0.358626 0.502262 0.271771 0.323643 0.231725 0.167209
threshold=2.8950000000000005 0.48500000000000004 3.0500000000000003 0.27500000000000008 -0.26999999999999974 233.50000000000003 48.150000000000013 -4.4999999999999991 0.46500000000000002 42.750000000000007 0.059999999999999963 0.020816659994895428 0.57500000000000007 0.17999999999999997
decision_type=10 10 2 10 10 2 2 2 10 2 2 2 10 2
left_child=1 2 3 -1 -5 6 8 -8 10 -10 -6 -12 -9 -11
right_child=-2 -3 -4 4 5 -7 7 12 9 13 11 -13 -14 -15
leaf_value=-0.0021069403022568856 0.035202951633602111 0.022258838384253226 0.009534056026798984 -0.006336251979161313 -0.0014826582609871065 0.0066976541541921703 0.0089772484433914158 -0.0021607269550888582 -0.004624472813913599 0.00028537678529346209 -0.0014827093371422963 0.0044195387093350288 0.002302242895397781 0.0025581527648802756
leaf_weight=1810 109 41 42 61 799 46 56 52 50 731 48 45 66 91
leaf_count=1752 55 22 28 46 772 23 42 51 45 672 47 41 44 80
internal_value=0.000235667 -0.000732194 -0.00097408 -0.00108857 -0.000187217 1.84081e-06 -0.00015709 0.00311676 -0.00048002 0.000241031 -0.0011849 0.00137322 0.00033551 0.000536986
internal_weight=4047 3938 3897 3855 2045 1984 1938 174 1764 872 892 93 118 822
internal_count=3720 3665 3643 3615 1863 1817 1794 137 1657 797 860 88 95 752
is_linear=0
shrinkage=0.05


Tree=43
num_leaves=15
num_cat=0
split_feature=85 91 85 91 50 85 56 58 57 91 162 5 91 58
split_gain=52.7477 11.7637 1.92143 1.43558 1.71876 0.499075 0.531644 0.439026 1.17322 0.314462 0.299767 0.254364 0.233335 0.220354
threshold=2.2950000000000004 0.48500000000000004 0.53500000000000014 -0.26999999999999974 0.9850000000000001 0.29500000000000004 0.18500000000000008 0.023094010766659578 0.10666666666666745 -0.034999999999999969 47.850000000000001 -0.48296291314453399 0.089999999999999997 0.14451056502940579
decision_type=10 10 10 10 2 10 2 2 2 10 2 2 10 2
left_child=1 2 5 -4 7 6 -1 8 -5 -7 12 -9 -11 -13
right_child=-2 -3 3 4 -6 9 -8 11 -10 10 -12 13 -14 -15
leaf_value=-0.0020583685135156381 0.030911538968828041 0.026338609051890671 -0.006291708036268686 0.0011544939393125478 0.0091132057597860701 -0.0036421429083997349 0.003214304676048971 0.0015857550330743517 0.010041682273660583 -0.00046730924081414473 0.0029346691682890415 -0.00047951007865393834 -0.0043619913360089411 -0.0047280585324829989
leaf_weight=1965 137 40 57 394 75 81 49 69 41 997 63 76 40 51
leaf_count=1894 67 20 44 357 44 79 42 56 30 964 58 72 35 38
internal_value=0.000404837 -0.00064054 -0.000913194 0.00134114 0.00195738 -0.00145155 -0.00193009 0.00110685 0.00199214 -0.000635492 -0.000414093 -0.000857942 -0.000617538 -0.00218562
internal_weight=4135 3998 3958 763 706 3195 2014 631 435 1181 1100 196 1037 127
internal_count=3800 3733 3713 641 597 3072 1936 553 387 1136 1057 166 999 110
is_linear=0
shrinkage=0.05


Tree=44
num_leaves=15
num_cat=0
split_feature=94 138 93 55 87 10 83 87 60 149 87 79 98 93
split_gain=53.298 7.58289 7.25121 2.30121 1.4274 0.644897 0.507621 0.774745 0.728244 0.424739 0.288935 0.488123 0.246149 0.290289
threshold=2.0716666666666668 0.056770833333333347 1.1650000000000003 0.72000000000000008 0.42500000000000004 214.50000000000003 0.23236455721890367 0.74500000000000011 0.18325286595246562 -0.37999999999999895 0.26500000000000007 0.19075726040759225 0.49125000000000002 -0.16499999999999995
decision_type=10 10 10 2 10 2 2 10 2 8 10 2 2 8
left_child=2 -2 3 4 10 6 8 -8 12 -10 -1 -12 -6 -14
right_child=1 -3 -4 -5 5 -7 7 -9 9 -11 11 -13 13 -15
leaf_value=-0.001981451522039972 0.017229043763106713 0.038830683527644294 0.020359121244855047 0.0082692204917438564 -0.00087261729223105404 0.0065767547980483095 0.00075227047777125819 0.0086283937620464709 -0.0077908213564389667 -0.001572634839134193 -0.001223099243171727 0.0030183361253040024 -0.0027149951120372866 0.0012672621086915537
leaf_weight=1709 77 86 41 69 279 42 114 43 43 76 814 74 50 540
leaf_count=1650 42 42 22 36 270 25 105 28 40 64 775 70 50 491
internal_value=0.000615336 0.0286262 -0.000557179 -0.000779751 -0.000944756 0.000491651 0.000268442 0.00290943 -0.000151229 -0.00381954 -0.00160129 -0.000869646 0.000351107 0.000929783
internal_weight=4057 163 3894 3853 3784 1187 1145 157 988 119 2597 888 869 590
internal_count=3710 84 3626 3604 3568 1073 1048 133 915 104 2495 845 811 541
is_linear=0
shrinkage=0.05


Tree=45
num_leaves=15
num_cat=0
split_feature=85 47 98 95 59 152 81 59 57 91 91 85 18 64
split_gain=53.3379 11.0047 1.14197 0.785313 0.988539 0.487383 0.286195 0.512271 0.318562 0.228715 0.223275 0.222791 0.19589 0.210978
threshold=2.8950000000000005 1.905 0.36208333333333337 0.2930262801620524 1.3725000000000003 1.8239149738032792 0.097644608981281064 0.29750000000000004 0.15000000000000027 -0.039999999999999987 0.030000000000000009 0.15500000000000003 35.500000000000007 0.011389036172795646
decision_type=10 2 2 10 2 2 2 2 2 8 10 8 2 2
left_child=1 2 9 4 5 6 7 8 10 -1 -4 -11 13 -8
right_child=-2 -3 3 -5 -6 -7 12 -9 -10 11 -12 -13 -14 -15
leaf_value=-0.0044447903856053017 0.034732840636914425 0.018158611120631944 4.2102739441358429e-05 -0.0048831171765509919 0.0077977034535399795 0.0040957415273312594 0.00037792862336518188 0.0041023531695419078 -0.0042533276276662943 -0.0026042492853705951 0.0030790159513534449 -0.0013199761952895543 0.0024825022809818621 -0.0017350178577526796
leaf_weight=71 110 77 626 76 43 73 165 89 40 416 67 1794 40 416
leaf_count=70 55 36 585 64 22 64 164 69 39 403 55 1718 30 391
internal_value=0.000385701 -0.000560501 -0.000928574 7.99334e-05 0.000321878 0.000109833 -9.18104e-05 0.000520227 8.52896e-05 -0.00165146 0.000335715 -0.00156172 -0.000901947 -0.00113496
internal_weight=4103 3993 3916 1635 1559 1516 1443 822 733 2281 693 2210 621 581
internal_count=3765 3710 3674 1483 1419 1397 1333 748 679 2191 640 2121 585 555
is_linear=0
shrinkage=0.05


Tree=46
num_leaves=15
num_cat=0
split_feature=85 91 48 150 88 93 91 77 177 50 99 91 86 18
split_gain=52.1286 7.95879 2.14397 1.85159 0.983807 0.540721 0.528861 0.469923 0.379122 0.239698 0.26953 0.225205 0.227357 0.162613
threshold=2.8950000000000005 0.48500000000000004 0.9850000000000001 -0.14999999999999855 0.40500000000000008 0.12000000000000002 -0.079999999999999988 0.092376043070356809 1.5531114922312994 0.49500000000000005 0.078032114267209587 -0.019999999999999993 0.15500000000000003 89.000000000000014
decision_type=10 10 2 10 10 10 10 2 2 2 2 8 8 2
left_child=1 2 4 -4 11 6 -6 -7 9 10 -8 -1 -13 -14
right_child=-2 -3 3 -5 5 7 8 -9 -10 -11 -12 12 13 -15
leaf_value=-0.0030922506564300938 0.034680519928224386 0.020154842018129546 0.010695581542598587 -7.8984761212983825e-06 -0.0042159343168158992 0.00060934633582877785 0.00014848383476833864 0.0073511065854488513 0.0039959059263603228 0.0031506777589489707 -0.0018253260332910162 -0.0024900208646151047 -0.0012671274043439386 0.0018794955627527089
leaf_weight=224 108 46 74 89 76 59 759 46 59 53 224 415 1832 42
leaf_count=213 55 23 38 49 72 45 717 37 52 44 219 401 1771 30
internal_value=0.000403115 -0.000522838 -0.00076352 0.00485135 -0.00100507 0.000125597 -0.000182614 0.00356288 9.73247e-05 -0.000124699 -0.000301296 -0.00157917 -0.0014311 -0.00119661
internal_weight=4106 3998 3952 163 3789 1276 1171 105 1095 1036 983 2513 2289 1874
internal_count=3766 3711 3688 87 3601 1186 1104 82 1032 980 936 2415 2202 1801
is_linear=0
shrinkage=0.05


Tree=47
num_leaves=15
num_cat=0
split_feature=85 91 48 88 93 90 47 26 91 10 91 91 143 85
split_gain=37.7791 8.58333 1.94388 1.0047 0.506411 0.65619 0.412421 0.357554 0.330014 0.338052 0.309487 0.268895 0.238529 0.198699
threshold=2.2950000000000004 0.42500000000000004 0.9850000000000001 0.43500000000000005 -0.26499999999999996 0.36500000000000005 0.44500000000000006 23.871842159348756 0.01999999999999998 87.500000000000014 -0.029999999999999982 -0.049999999999999989 48.750000000000007 0.24500000000000002
decision_type=10 10 2 10 10 10 2 2 10 2 8 8 10 10
left_child=1 2 3 8 7 -6 -7 10 11 -10 -5 12 -1 -13
right_child=-2 -3 -4 4 5 6 -8 -9 9 -11 -12 13 -14 -15
leaf_value=-0.0060920808395584589 0.027721244187616723 0.022343185203286209 0.0054817493368871512 -0.0071829525707289583 0.0052236630135060608 0.00020533331248946668 0.0053394556519711714 0.0016772619193116869 -0.00049588782369002578 0.0044136989008984528 -0.0017964537224906965 -0.0018536138748233525 -0.0013804797570628581 -0.00088801911411949845
leaf_weight=61 123 41 125 40 78 851 41 44 284 40 80 1355 48 878
leaf_count=59 61 22 68 38 68 794 31 39 274 31 78 1315 46 841
internal_value=0.00043076 -0.000415617 -0.000653352 -0.000855164 0.000391417 0.000825878 0.000441319 -0.00217826 -0.00138541 0.000110234 -0.00359195 -0.00159232 -0.00401725 -0.00147395
internal_weight=4089 3966 3925 3800 1134 970 892 164 2666 324 120 2342 109 2233
internal_count=3765 3704 3682 3614 1048 893 825 155 2566 305 116 2261 105 2156
is_linear=0
shrinkage=0.05


Tree=48
num_leaves=15
num_cat=0
split_feature=85 47 91 85 79 10 166 79 60 64 168 96 86 91
split_gain=48.9067 9.8933 1.23307 1.0101 0.868583 0.580334 0.538394 0.580462 0.519001 0.442742 0.345044 0.248005 0.196747 0.167743
threshold=3.2700000000000005 1.9750000000000003 -0.39499999999999991 0.31500000000000006 0.28731990731653273 214.50000000000003 48.150000000000013 0.10909475762624715 0.18325286595246562 0.28801634902282153 -0.12499999999999643 0.62583333333333357 0.63500000000000012 1.0000000180025095e-35
decision_type=10 2 8 10 2 2 2 2 2 2 2 2 10 10
left_child=1 2 -1 9 5 6 8 -8 11 -4 -10 13 -13 -5
right_child=-2 -3 3 4 -6 -7 7 -9 10 -11 -12 12 -14 -15
leaf_value=-0.009496714174165392 0.033568097654422493 0.015320093357669456 -0.0015413413088423236 -0.00078989401047100435 0.0058818897943442262 0.0054129389803468566 0.00063804125726592785 0.0074552934135620795 -0.0063696290446117665 0.0024474628276139913 -0.0014966918390216979 0.0041990332026272175 0.00061451083411728693 0.00059562920468421551
leaf_weight=40 109 98 2059 826 65 48 102 45 54 72 111 49 175 297
leaf_count=32 54 46 1980 806 51 32 79 33 44 68 88 43 168 279
internal_value=0.000518887 -0.000372567 -0.000762595 -0.000673083 0.000209007 -7.00752e-06 -0.000163823 0.00272496 -0.000444677 -0.00140657 -0.00309147 -0.000120459 0.00139863 -0.000423464
internal_weight=4150 4041 3943 3903 1772 1707 1659 147 1512 2131 165 1347 224 1123
internal_count=3803 3749 3703 3671 1623 1572 1540 112 1428 2048 132 1296 211 1085
is_linear=0
shrinkage=0.05


Tree=49
num_leaves=15
num_cat=0
split_feature=94 55 49 91 94 146 66 96 99 154 72 92 56 24
split_gain=38.9383 5.17843 1.25304 0.983225 0.697178 0.354498 0.410591 0.24394 0.222218 0.21535 0.189202 0.185188 0.142843 0.206753
threshold=2.2983333333333338 0.93000000000000005 2.0100000000000002 -0.26999999999999974 0.44000000000000011 45.250000000000007 3.2650000000000001 0.90833333333333355 0.11894399816131933 2.5823116130090655 3.7550000000000003 -0.0099999999999999655 0.12500000000000006 24.632120927353363
decision_type=10 2 2 8 10 10 2 2 2 2 2 10 2 2
left_child=1 2 3 -1 9 -6 -7 8 -8 11 -10 -5 -13 -14
right_child=-2 -3 -4 4 5 6 7 -9 10 -11 -12 12 13 -15
leaf_value=-0.0078893695482984191 0.025353277283099791 0.013507852802285926 0.0078638641731586401 -0.0019208860352956361 0.0039544095313855604 -0.0040494884203495932 0.00034377757215353307 0.002337899651534886 -0.0034382175075006668 0.0023268334488043699 -0.00011347368699321321 -0.0011590522018881083 -0.00077129856031008437 0.0034977938106749208
leaf_weight=50 150 64 41 873 60 59 708 122 80 41 92 1639 92 41
leaf_count=42 77 32 22 850 54 51 676 75 74 39 85 1582 91 29
internal_value=0.00034731 -0.000599407 -0.00083103 -0.000923457 -0.000831968 0.000215402 3.95993e-06 0.000242636 -4.78437e-05 -0.00126909 -0.00165987 -0.00132483 -0.00103117 0.000544737
internal_weight=4112 3962 3898 3857 3807 1121 1061 1002 880 2686 172 2645 1772 133
internal_count=3779 3702 3670 3648 3606 1015 961 910 835 2591 159 2552 1702 120
is_linear=0
shrinkage=0.05


Tree=50
num_leaves=15
num_cat=0
split_feature=85 92 63 49 98 55 146 95 85 73 67 99 85 85
split_gain=45.2029 9.62211 3.03676 1.10036 0.996463 0.697815 0.368486 0.330925 0.276337 0.38587 0.21276 0.168678 0.168475 0.147478
threshold=3.2700000000000005 0.99500000000000011 2.7739583333333342 1.7100000000000002 0.36208333333333337 0.70000000000000018 54.350000000000001 0.096780928085959478 0.53500000000000014 0.13000000000000014 3.4150000000000005 0.079691638295891307 0.13500000000000004 0.67500000000000016
decision_type=10 10 2 2 2 2 10 8 10 2 2 2 10 10
left_child=1 2 3 4 7 6 8 12 11 10 -10 -6 -1 -12
right_child=-2 -3 -4 -5 5 -7 -8 -9 9 -11 13 -13 -14 -15
leaf_value=-0.0026832124641885859 0.033651967800804421 0.023711878810895655 0.011030077507338403 -0.0076975624175056037 -0.00017808770016793188 0.0063297372473322833 0.003340965818740476 -0.0058848381351162974 -0.0028466133611194286 0.0045941344429778286 -9.0650760637854278e-05 -0.0016493557209630691 -0.0011576919980653001 0.0017536729991251788
leaf_weight=199 100 41 55 57 611 46 82 40 48 59 268 286 1999 182
leaf_count=190 50 21 31 34 591 24 61 38 43 49 260 275 1919 148
internal_value=0.000450672 -0.000385001 -0.000636265 -0.000801767 -0.000698871 0.000261625 7.98974e-05 -0.00137783 -0.000104014 0.000770719 0.000317744 -0.000647188 -0.00129581 0.000655276
internal_weight=4073 3973 3932 3877 3820 1582 1536 2238 1454 557 498 897 2198 450
internal_count=3734 3684 3663 3632 3598 1451 1427 2147 1366 500 451 866 2109 408
is_linear=0
shrinkage=0.05


Tree=51
num_leaves=15
num_cat=0
split_feature=85 91 61 94 94 81 73 88 56 91 148 61 92 95
split_gain=48.6229 8.62124 1.25933 0.894768 1.11376 0.613029 0.475327 0.340464 0.325083 0.581331 0.245492 0.227696 0.302365 0.171947
threshold=3.2700000000000005 0.42500000000000004 2.4791666666666674 1.1266666666666671 0.56833333333333347 0.019227505550528365 0.13000000000000014 0.34500000000000003 0.050000000000000037 0.019999999999999938 1.6999999999999995 0.49166666666666664 0.070000000000000034 0.028867513459761605
decision_type=10 10 2 10 10 2 2 10 2 10 10 2 10 10
left_child=1 2 3 4 7 -6 11 13 10 -10 -9 12 -7 -1
right_child=-2 -3 -4 -5 5 6 -8 8 9 -11 -12 -13 -14 -15
leaf_value=-0.0011024264913042005 0.033916457860826331 0.018733923490774834 0.0071333850277060604 -0.0067368026901731054 0.0055572914180811494 0.00036074754908549671 0.005314378119139704 -0.00061876092619778144 -0.00042595780005421377 0.0071330428640244588 0.0033831711679158621 -0.0014263468637626577 0.0046077255931450053 -0.002600870924817293
leaf_weight=1975 107 59 53 59 80 259 53 913 67 41 40 133 50 212
leaf_count=1899 54 31 25 41 56 238 43 888 65 35 38 103 37 201
internal_value=0.000653733 -0.000237382 -0.000521831 -0.000626346 -0.000532043 0.00149628 0.000839955 -0.000891122 -0.000156161 0.00244366 -0.000450789 0.000303429 0.00104796 -0.00124768
internal_weight=4101 3994 3935 3882 3823 575 495 3248 1061 108 953 442 309 2187
internal_count=3754 3700 3669 3644 3603 477 421 3126 1026 100 926 378 275 2100
is_linear=0
shrinkage=0.05


Tree=52
num_leaves=15
num_cat=0
split_feature=47 86 47 86 93 87 82 86 92 149 92 160 87 54
split_gain=30.393 9.57383 5.35699 1.02818 0.996632 0.894778 0.87296 0.432155 0.388031 0.297362 0.234045 0.208643 0.126435 0.11261
threshold=3.0500000000000003 3.4150000000000005 1.905 1.6950000000000001 0.6150000000000001 0.75500000000000012 3.5685416666666669 0.26500000000000007 -0.044999999999999978 2.649999999999999 -0.014999999999999956 42.150000000000013 0.48500000000000004 -0.020000000000000236
decision_type=2 10 2 10 10 10 2 10 10 10 10 2 10 2
left_child=1 2 3 4 5 7 -7 -1 13 11 -8 -10 -13 -9
right_child=-2 -3 -4 -5 -6 6 10 8 9 -11 -12 12 -14 -15
leaf_value=-0.0014127960125184975 0.029583579242568128 0.021618060111999515 0.012835455298423767 -0.0085323551016655268 0.0069970664882296049 0.0078915129051628438 -0.0013953225975916661 -0.0044212194964411144 0.0032536519131760792 0.0041745803432404948 0.0023793091431302442 -0.0005634122945552463 0.00041298842029721439 -0.0016640763323429336
leaf_weight=1740 88 50 75 41 43 55 77 46 44 41 88 1000 496 190
leaf_count=1684 42 25 37 28 24 38 71 45 42 39 49 957 476 183
internal_value=0.000518377 -0.000123303 -0.000399489 -0.000656578 -0.000572047 -0.000658219 0.00243624 -0.000849611 -0.000310293 -2.79896e-05 0.000617814 -0.000139876 -0.000239686 -0.00220149
internal_weight=4074 3986 3936 3861 3820 3777 220 3557 1817 1581 165 1540 1496 236
internal_count=3740 3698 3673 3636 3608 3584 158 3426 1742 1514 120 1475 1433 228
is_linear=0
shrinkage=0.05


Tree=53
num_leaves=15
num_cat=0
split_feature=85 92 59 87 91 166 152 166 59 55 58 142 51 58
split_gain=38.3728 7.39473 1.67858 0.705097 0.707765 0.604961 0.485447 0.4462 0.442394 0.315125 0.238239 0.220809 0.182731 0.215109
threshold=2.7500000000000004 0.99500000000000011 2.6825000000000006 0.42500000000000004 -0.26999999999999974 48.150000000000013 0.15275252316825705 42.350000000000001 0.43166666666666675 -0.034999999999999996 0.1400000000000001 47.45000000000001 0.60500000000000009 0.15878923099761436
decision_type=10 10 2 10 8 2 2 2 2 2 2 10 2 2
left_child=1 2 3 8 -5 7 -7 -6 10 11 -1 -9 13 -11
right_child=-2 -3 -4 4 5 6 -8 9 -10 12 -12 -13 -14 -15
leaf_value=-0.0010874441740707369 0.029363009280392101 0.020819169782647275 0.0094191626867368115 -0.0059758462585768734 0.0039170098273520913 0.0065999508461183206 0.00057499155263940338 -0.004740749092175151 -0.0061244041933732236 0.00026890241656873199 0.0019778529117600277 -0.00086075640513420804 0.002815507382327572 -0.0034494112157717168
leaf_weight=2556 112 41 42 43 74 70 64 53 43 758 65 119 66 41
leaf_count=2467 56 20 21 35 66 42 53 49 39 727 54 108 40 29
internal_value=0.00049428 -0.000307033 -0.000523901 -0.000629572 0.000330923 0.000548748 0.00372236 0.000165972 -0.00109396 -0.000101701 -0.00101143 -0.00205634 0.000286966 7.81003e-05
internal_weight=4147 4035 3994 3952 1288 1245 134 1111 2664 1037 2621 172 865 799
internal_count=3806 3750 3730 3709 1149 1114 95 1019 2560 953 2521 157 796 756
is_linear=0
shrinkage=0.05


Tree=54
num_leaves=15
num_cat=0
split_feature=85 91 91 61 88 54 58 83 59 146 61 59 48 58
split_gain=49.0485 8.71472 1.48504 1.4943 0.674408 0.451387 0.532954 0.302446 0.949428 0.271361 0.214839 0.195038 0.363746 0.164371
threshold=3.2700000000000005 0.42500000000000004 -0.36999999999999994 2.4791666666666674 0.34500000000000003 0.12499999999999997 0.40395952626825521 0.23236455721890367 0.20500000000000004 54.150000000000013 0.077083333333333268 0.27083333333333343 0.29500000000000004 0.1400000000000001
decision_type=10 10 8 2 10 2 2 2 2 10 2 2 2 2
left_child=1 2 -1 4 11 6 7 9 -9 10 -6 12 -4 -13
right_child=-2 -3 3 -5 5 -7 -8 8 -10 -11 -12 13 -14 -15
leaf_value=-0.010162139057647438 0.03283073902778004 0.018467002228230667 -0.0011349444009623676 0.0086833929812366317 0.00020193072864402507 0.0037959415857430276 -0.0054345320357242601 -0.00095703050480631089 0.0065579499705025641 0.0026478933301058577 -0.0011498937705080251 -0.0016833966485976888 0.0035657186617234927 -0.0054518895274352124
leaf_weight=40 115 61 2045 44 814 82 44 103 71 84 460 78 42 46
leaf_count=32 57 32 1972 20 779 52 31 99 61 63 437 74 40 38
internal_value=0.000634862 -0.000287541 -0.000576949 -0.000478966 -0.000583164 0.000179151 -9.03273e-06 0.000146791 0.00210943 -0.000104681 -0.000286169 -0.00115481 -0.00104035 -0.00308139
internal_weight=4129 4014 3953 3913 3869 1658 1576 1532 174 1358 1274 2211 2087 124
internal_count=3787 3730 3698 3666 3646 1522 1470 1439 160 1279 1216 2124 2012 112
is_linear=0
shrinkage=0.05


Tree=55
num_leaves=15
num_cat=0
split_feature=85 55 91 85 66 85 146 93 55 62 59 92 74 85
split_gain=35.2322 4.64757 1.53635 1.90525 0.571435 0.369045 0.386178 0.383403 0.287887 0.26366 0.195504 0.129271 0.125965 0.112673
threshold=3.2700000000000005 0.93000000000000005 -0.40000000000000008 1.7350000000000001 3.0450000000000004 0.30500000000000005 54.350000000000001 0.40500000000000008 -0.030000000000000016 0.58085937663360909 0.41333333333333339 0.02499999999999997 -0.13000000000000009 0.13500000000000004
decision_type=10 2 8 10 2 10 10 10 2 2 2 10 2 10
left_child=1 2 -1 4 -4 13 7 8 -7 10 11 -10 -13 -6
right_child=-2 -3 3 -5 5 6 -8 -9 9 -11 -12 12 -14 -15
leaf_value=-0.010226792804243771 0.029661521181464198 0.013539896027769073 0.0039895593524720014 0.0092999077877219845 -0.0023117170591080466 -0.0016948966288540042 0.0029069935826252433 -0.0043129293855784815 -0.00021929815722102129 0.0033316273655752109 -0.0030625950336308546 0.003192185415866574 0.00049684130676074087 -0.0010462345083261657
leaf_weight=41 100 59 66 49 195 271 96 59 933 60 52 53 238 1795
leaf_count=34 50 30 56 24 189 248 70 40 906 42 46 46 226 1729
internal_value=0.000350308 -0.000388568 -0.00059885 -0.000496769 -0.000622499 -0.000703628 -0.000176638 -0.000354327 -0.000208989 9.24188e-05 -5.9895e-05 6.76707e-05 0.000987746 -0.00117024
internal_weight=4067 3967 3908 3867 3818 3752 1762 1666 1607 1336 1276 1224 291 1990
internal_count=3736 3686 3656 3622 3598 3542 1624 1554 1514 1266 1224 1178 272 1918
is_linear=0
shrinkage=0.05


end of trees

feature_importances:
treated_ntu_lag1=171
treated_ntu_change1=103
filtered_ntu=51
treated_ntu_change3=32
treated_ntu_change6=24
treated_ntu_rollmean3=24
treated_ntu_lag3=21
filtered_ntu_change6=16
filtered_ntu_rollstd3=16
treated_ntu_lag6=16
filtered_ntu_change3=13
treated_ntu_rollmean6=13
raw_water_flow_lag12=13
treated_ntu_rollmean24=12
filtered_ntu_change1=11
treated_ntu_rollstd6=11
treated_ntu_rollmean12=11
filtered_ntu_lag1=9
filtered_ntu_rollmean6=9
treated_ntu_lag2=9
filtered_ntu_rollmean12=8
filtered_ntu_rollstd12=8
treated_ntu_lag24=7
treated_water_flow_lag24=7
raw_water_ntu_change3=6
treated_ntu_rollstd3=6
filtered_ntu_rollmean3=5
filtered_ntu_rollstd6=5
filtered_ntu_rollstd24=5
clear_well_level=5
clear_well_level_rollstd6=5
clear_well_level_rollstd24=5
raw_water_ntu_lag12=4
raw_water_ntu_rollmean3=4
raw_water_ntu_rollstd12=4
filtered_ntu_lag3=4
clear_well_level_change3=4
treated_ntu_rollstd12=4
raw_water_flow=4
treated_water_flow=4
treated_water_flow_rollmean6=4
raw_water_ntu_lag1=3
raw_water_ntu_change6=3
filtered_ntu_lag2=3
filtered_ntu_lag24=3
clear_well_level_lag1=3
clear_well_level_change1=3
alum_dosage_rollmean24=3
raw_water_flow_change6=3
treated_water_flow_lag2=3
treated_water_flow_rollstd6=3
treated_water_flow_rollmean24=3
raw_water_ntu=2
raw_water_ntu_lag6=2
raw_water_ntu_rollmean6=2
raw_water_ntu_rollstd6=2
filtered_ntu_rollmean24=2
clear_well_level_change6=2
clear_well_level_rollstd3=2
clear_well_level_rollstd12=2
clear_well_level_rollmean24=2
treated_ntu_lag12=2
treated_ntu_rollstd24=2
alum_dosage_lag24=2
alum_dosage_rollstd24=2
raw_water_flow_lag1=2
raw_water_flow_change3=2
raw_water_flow_rollstd3=2
raw_water_flow_rollmean24=2
treated_water_flow_lag12=2
treated_water_flow_rollmean12=2
day_cos=1
week_cos=1
raw_water_ntu_lag24=1
raw_water_ntu_change1=1
raw_water_ntu_rollmean24=1
raw_water_ntu_rollstd24=1
filtered_ntu_lag6=1
filtered_ntu_lag12=1
clear_well_level_lag6=1
clear_well_level_lag24=1
alum_dosage_lag3=1
raw_water_flow_lag2=1
raw_water_flow_change1=1
raw_water_flow_rollmean6=1
raw_water_flow_rollstd6=1
raw_water_flow_rollmean12=1
treated_water_flow_lag6=1
treated_water_flow_change3=1
treated_water_flow_rollmean3=1
treated_water_flow_rollstd24=1

parameters:
[boosting: gbdt]
[objective: huber]
[metric: huber]
[tree_learner: serial]
[device_type: cpu]
[data_sample_strategy: bagging]
[data: ]
[valid: ]
[num_iterations: 56]
[learning_rate: 0.05]
[num_leaves: 15]
[num_threads: 1]
[seed: 2026]
[deterministic: 1]
[force_col_wise: 1]
[force_row_wise: 0]
[histogram_pool_size: -1]
[max_depth: -1]
[min_data_in_leaf: 40]
[min_sum_hessian_in_leaf: 0.001]
[bagging_fraction: 0.8]
[pos_bagging_fraction: 1]
[neg_bagging_fraction: 1]
[bagging_freq: 1]
[bagging_seed: 26038]
[bagging_by_query: 0]
[feature_fraction: 0.8]
[feature_fraction_bynode: 1]
[feature_fraction_seed: 28694]
[extra_trees: 0]
[extra_seed: 4728]
[early_stopping_round: 0]
[early_stopping_min_delta: 0]
[first_metric_only: 0]
[max_delta_step: 0]
[lambda_l1: 0]
[lambda_l2: 0]
[linear_lambda: 0]
[min_gain_to_split: 0]
[drop_rate: 0.1]
[max_drop: 50]
[skip_drop: 0.5]
[xgboost_dart_mode: 0]
[uniform_drop: 0]
[drop_seed: 5409]
[top_rate: 0.2]
[other_rate: 0.1]
[min_data_per_group: 100]
[max_cat_threshold: 32]
[cat_l2: 10]
[cat_smooth: 10]
[max_cat_to_onehot: 4]
[top_k: 20]
[monotone_constraints: ]
[monotone_constraints_method: basic]
[monotone_penalty: 0]
[feature_contri: ]
[forcedsplits_filename: ]
[refit_decay_rate: 0.9]
[cegb_tradeoff: 1]
[cegb_penalty_split: 0]
[cegb_penalty_feature_lazy: ]
[cegb_penalty_feature_coupled: ]
[path_smooth: 0]
[interaction_constraints: ]
[verbosity: -1]
[saved_feature_importance_type: 0]
[use_quantized_grad: 0]
[num_grad_quant_bins: 4]
[quant_train_renew_leaf: 0]
[stochastic_rounding: 1]
[linear_tree: 0]
[max_bin: 255]
[max_bin_by_feature: ]
[min_data_in_bin: 3]
[bin_construct_sample_cnt: 200000]
[data_random_seed: 6654]
[is_enable_sparse: 1]
[enable_bundle: 1]
[use_missing: 1]
[zero_as_missing: 0]
[feature_pre_filter: 1]
[pre_partition: 0]
[two_round: 0]
[header: 0]
[label_column: ]
[weight_column: ]
[group_column: ]
[ignore_column: ]
[categorical_feature: ]
[forcedbins_filename: ]
[precise_float_parser: 0]
[parser_config_file: ]
[objective_seed: 199]
[num_class: 1]
[is_unbalance: 0]
[scale_pos_weight: 1]
[sigmoid: 1]
[boost_from_average: 1]
[reg_sqrt: 0]
[alpha: 0.9]
[fair_c: 1]
[poisson_max_delta_step: 0.7]
[tweedie_variance_power: 1.5]
[lambdarank_truncation_level: 30]
[lambdarank_norm: 1]
[label_gain: ]
[lambdarank_position_bias_regularization: 0]
[eval_at: ]
[multi_error_top_k: 1]
[auc_mu_weights: ]
[num_machines: 1]
[local_listen_port: 12400]
[time_out: 120]
[machine_list_filename: ]
[machines: ]
[gpu_platform_id: -1]
[gpu_device_id: -1]
[gpu_use_dp: 0]
[num_gpu: 1]

end of parameters

pandas_categorical:[]
